no emotion, 0.0, 0.0, 0.0, 0.0, 0.0, 0.0, 10 100000000 000
able-bodied, 1.83, 1.74, 1.77, 1.94, 1.95, 1.99, 10 000100000 000
absentminded, -1.38, -1.39, -1.22, -1.06, -1.03, -0.73, 10 010000000 000
active, 1.76, 1.49, 1.73, 1.68, 1.82, 2.33, 10 010000000 000
adventurous, 1.41, 1.73, 1.99, 1.13, 1.93, 2.26, 10 010000000 000
affable, 1.92, 1.5, 1.12, 2.39, 1.67, 1.5, 10 010000000 000
afraid, -1.36, -0.19, -1.09, -1.75, -0.25, -1.18, 10 100000000 000
aggravated, -1.09, 0.59, 0.48, -1.73, 0.9, 0.15, 10 100000000 000
agitated, -1.71, -0.42, -0.4, -2.27, 0.56, -0.32, 10 100000000 000
ambitious, 1.81, 1.75, 1.73, 1.49, 1.84, 2.14, 10 010000000 000
amused, 1.65, 1.03, 1.74, 1.67, 1.44, 1.84, 10 100000000 000
angry, -1.47, 0.76, -0.01, -1.71, 0.97, 0.24, 10 100000000 000
anguished, -1.89, -0.22, -1.27, -2.12, 0.25, -1.48, 10 100000000 000
annoyed, -1.26, 0.29, -0.64, -1.65, 0.35, -0.46, 10 100010000 000
antisocial, -0.71, -1.14, -1.31, -0.95, -1.33, -1.46, 10 000100000 000
anxious, -1.34, -0.15, -1.21, -1.94, -0.02, -1.56, 10 100000000 000
apprehensive, -1.12, -0.6, -1.16, -2.1, -0.21, -1.89, 10 100000000 000
ashamed, -1.04, 0.03, -0.76, -1.6, -0.32, -1.52, 10 100010000 000
assertive, 2.11, 1.91, 1.87, 2.73, 2.25, 2.49, 10 010000000 000
at-ease, 1.67, 0.47, 1.43, 2.57, 1.55, 2.07, 10 100000000 000
attitudinally relaxed, 1.2, 0.66, 0.8, 0.93, 0.88, 1.39, 10 010000000 000
attitudinally uptight, -0.64, -0.6, -0.84, -0.99, -0.86, -0.91, 10 010000000 000
attractive, 2.13, 1.46, 1.51, 2.31, 1.61, 1.81, 10 000100000 000
authoritarian, -2.01, 0.74, -0.76, -2.04, 0.79, -1.0, 10 010000000 000
authoritative, 0.59, 1.51, -0.01, 0.49, 1.93, -0.33, 10 000100000 000
autonomous, 0.82, 0.8, 0.58, 1.35, 0.94, 0.3, 10 000100000 000
awe-struck, -0.13, 0.65, -0.52, -0.08, 0.53, -0.53, 10 100000000 000
bitter, -1.77, -0.3, -1.0, -1.84, -0.14, -1.15, 10 100010000 000
blue, -1.71, -1.2, -1.68, -1.62, -0.56, -1.94, 10 100000000 000
bold, 1.89, 2.24, 1.55, 1.84, 2.2, 1.67, 10 010000000 000
boring, -1.5, -1.02, -1.4, -1.85, -1.23, -2.19, 10 000100000 000
bossy, -1.4, 0.17, 0.45, -1.36, 0.24, 0.31, 10 010000000 000
brave, 2.24, 2.26, 1.82, 2.35, 2.62, 2.23, 10 010000000 000
bright, 1.97, 1.26, 1.86, 2.42, 1.96, 2.16, 10 010000000 000
broad-minded, 1.32, 1.49, 1.59, 1.67, 1.87, 2.3, 10 010100000 000
broken-hearted, -1.46, -0.42, -1.45, -2.09, 0.19, -1.55, 10 100000000 000
calm, 1.26, 1.27, 0.08, 1.88, 1.52, 0.03, 10 100010000 000
careless, -0.31, 0.03, 0.31, -1.12, -0.31, 0.55, 10 010000000 000
cautious, 0.97, 0.47, -0.56, 1.32, 1.05, -0.41, 10 010000000 000
charmed, 1.87, 1.14, 1.0, 2.05, 1.19, 1.44, 10 100000000 000
charming, 2.07, 0.93, 1.11, 1.72, 1.38, 1.62, 10 010000000 000
cheered, 2.05, 1.55, 1.72, 2.49, 1.66, 2.34, 10 100000000 000
cheerful, 2.19, 1.48, 2.17, 2.9, 1.95, 2.1, 10 110000000 000
cheerless, -1.53, -0.62, -1.48, -2.19, -0.24, -1.46, 10 100000000 000
childish, 0.92, -0.03, 1.77, 0.87, -0.11, 1.9, 10 010000000 000
cold, 1.87, 1.19, -0.14, 1.59, 1.46, -0.48, 10 010000000 000
compassionate, 1.1, 0.68, -0.09, 1.65, 0.87, 0.02, 10 110000000 000
competent, 1.91, 1.83, 1.59, 2.08, 2.37, 1.83, 10 010000000 000
compulsive, -1.49, 0.81, -0.2, -1.71, 0.64, -0.49, 10 010000000 000
conceited, -0.99, -0.07, 0.13, -1.73, -0.46, -0.04, 10 010000000 000
confident, 1.95, 1.81, 1.62, 2.5, 2.53, 2.35, 10 010000000 000
conservative, -1.21, -1.09, -1.62, -1.3, -0.84, -1.72, 10 011000000 000
contented, 1.76, 1.29, 1.68, 2.26, 1.63, 1.74, 10 100010000 000
corruptible, -2.19, -0.94, -1.1, -2.07, -0.9, -1.11, 10 000100000 000
cowardly, -1.35, -1.69, -1.28, -1.51, -1.64, -1.36, 10 010000000 000
crazy, -1.06, -0.82, -0.34, -1.0, -1.03, -0.1, 10 011000000 000
credible, 1.95, 1.84, 0.5, 2.21, 1.81, 1.75, 10 000100000 000
crises-paralysed, -1.13, -1.47, -1.19, -1.1, -1.45, -1.55, 10 000100000 000
crises-performing, 1.83, 1.8, 1.42, 2.06, 1.48, 1.5, 10 000100000 000
cruel, -1.5, 0.17, -0.89, -2.36, 0.89, -0.99, 10 010000000 000
crushed, -0.43, 0.57, -0.35, -1.19, 1.3, 0.2, 10 100000000 000
curious, 1.03, 0.96, 1.33, 1.1, 0.85, 1.7, 10 010000000 000
deceitful, -2.08, -0.68, -0.32, -2.74, -0.83, -0.68, 10 010000000 000
decisive, 1.93, 1.71, 1.38, 2.03, 2.02, 1.59, 10 010000000 000
defensive, 0.0, 0.11, -0.64, 0.2, 0.09, -0.76, 10 010000000 000
defiant, -1.98, 0.01, 0.06, -1.57, 0.13, -0.09, 10 010000000 000
deflated, -1.5, -0.62, -1.5, -2.03, -1.04, -1.59, 10 100000000 000
dejected, -1.49, -0.43, -1.2, -2.3, -0.67, -2.11, 10 100000000 000
delighted, 1.96, 1.56, 1.66, 2.13, 1.56, 2.11, 10 100000000 000
demanding, -1.21, -0.11, -0.82, -1.68, 0.08, -1.04, 10 010000000 000
dependent, -1.06, -1.37, -0.98, -0.82, -1.14, -0.61, 10 010000000 000
depressed, -1.23, -0.67, -1.15, -2.09, -0.7, -2.21, 10 100010000 000
dignified, 0.76, 1.58, -0.3, 0.21, 1.73, -0.4, 10 000100000 000
disabled, -0.9, -1.05, -1.19, -1.24, -1.17, -1.32, 10 000100000 000
disappointed, -1.48, -0.56, -1.49, -2.16, -0.55, -1.68, 10 100000000 000
discontented, -1.27, -0.53, -0.97, -1.66, 0.31, -0.51, 10 100000000 000
discreditable, -2.25, -1.56, -0.84, -2.17, -1.01, -0.76, 10 000100000 000
discreet, 0.63, -0.11, -0.79, 0.65, 0.56, -0.67, 10 010000000 000
disgusted, -1.73, 0.01, -0.86, -2.13, 0.14, -1.3, 10 100010000 000
dishonest, -2.01, -0.85, -0.28, -2.17, -0.88, -1.05, 10 010100000 000
disloyal, -1.92, -0.85, -0.72, -2.09, -0.96, -0.82, 10 010100000 000
displeased, -1.34, -0.81, -0.67, -2.03, -0.41, -1.69, 10 100000000 000
disreputable, -2.05, -0.91, -0.24, -1.96, -0.92, -1.09, 10 010000000 000
dissatisfied, 0.31, 0.44, 0.5, -0.44, 0.91, 0.1, 10 100000000 000
distressed, -1.61, -0.4, -1.24, -1.68, -0.34, -1.8, 10 100000000 000
divorced, -1.1, -0.83, -0.9, -1.41, 0.06, -1.31, 10 001000000 000
downhearted, -1.43, -0.5, -1.65, -1.98, -0.57, -1.81, 10 100000000 000
drunken, -1.88, -0.47, -1.29, -2.08, -0.67, -0.94, 10 001100000 000
dull, -1.54, -0.99, -1.56, -1.54, -1.62, -1.66, 10 000100000 000
dumb, -1.48, -1.51, -1.53, -1.52, -1.21, -1.74, 10 000100000 000
dutiful, 2.18, 1.63, 0.86, 2.26, 2.14, 1.6, 10 010000000 000
easygoing, -1.89, -1.13, -1.4, -1.69, -1.01, -1.11, 10 010000000 000
ecstatic, 1.69, 1.28, 1.72, 1.8, 1.89, 2.11, 10 100000000 000
efficient, 2.19, 1.94, 1.77, 2.34, 2.02, 2.13, 10 010000000 000
elated, 2.03, 1.35, 1.89, 2.41, 1.87, 2.42, 10 100000000 000
embarrassed, -1.65, -0.16, -0.86, -2.03, -0.46, -1.09, 10 100010000 000
emotional, 1.03, 0.22, 0.76, 0.25, -0.13, 0.8, 10 110000000 000
empty, -1.7, -0.45, -1.57, -1.85, -0.73, -1.99, 10 000100000 000
energetic, 2.22, 2.3, 2.43, 2.28, 2.27, 2.66, 10 010000000 000
envious, -0.43, -0.09, -0.3, -1.75, 0.44, -0.51, 10 100000000 000
esteemed, 1.86, 1.41, 0.02, 2.25, 2.0, 1.05, 10 001000000 000
excited, 1.58, 1.44, 1.99, 1.98, 1.75, 2.11, 10 100010000 000
experienced, 1.63, 1.67, 0.81, 2.08, 2.02, 0.84, 10 001000000 000
fair, 1.84, 1.41, 0.89, 2.07, 1.67, 1.01, 10 010000000 000
faithful, 2.01, 0.99, 0.21, 2.32, 1.54, 0.38, 10 010000000 000
fearful, -1.64, 0.15, -1.01, -2.06, 0.1, -1.53, 10 100000000 000
fed-up, -1.55, -0.22, -0.94, -2.1, -0.43, -0.97, 10 100000000 000
female, 0.92, -0.47, 0.55, 1.51, -0.04, 0.7, 10 001000000 000
feminine, 0.28, -0.8, -0.17, 0.42, -0.63, -0.07, 10 010000000 000
finicky, -0.95, -0.78, -1.01, -0.96, -0.79, -1.12, 10 010000000 000
flamboyant, 1.11, 0.68, 1.25, 0.95, 0.9, 1.26, 10 000100000 000
flustered, -1.33, -0.49, -0.99, -1.71, -0.45, -0.88, 10 100010000 000
foolish, -1.77, -1.29, -0.87, -1.78, -1.25, -1.28, 10 010000000 000
forbearing, 1.05, 1.09, -0.36, 1.32, 1.14, -0.33, 10 010000000 000
forgiving, 1.27, 1.02, -0.01, 1.95, 1.24, 0.55, 10 010000000 000
friendly, 2.02, 1.17, 1.47, 2.34, 1.77, 1.84, 10 010000000 000
frightened, -1.69, -0.34, -0.71, -1.48, 0.25, -0.27, 10 100000000 000
frustrated, -1.23, -0.1, -1.44, -2.42, -0.44, -1.69, 10 100000000 000
furious, -1.15, 0.68, -0.4, -1.92, 1.47, 0.27, 10 100010000 000
generous, 2.08, 2.05, 1.34, 2.61, 2.23, 1.67, 10 010000000 000
gentle (female), 1.63, 0.03, 0.32, 1.89, 0.33, 0.37, 10 000100000 000
gentle (male), 1.67, 0.31, 0.51, 1.72, 0.46, -0.03, 10 000100000 000
glad, 1.93, 1.6, 1.83, 2.25, 1.89, 2.38, 10 100000000 000
grief-stricken, -2.15, -0.63, -1.84, -2.16, 0.72, -1.89, 10 100000000 000
group-concerned, 1.92, 1.12, 1.6, 2.08, 1.7, 1.93, 10 010000000 000
group-disinterested, -1.69, -1.25, -0.87, -1.93, -1.19, -1.22, 10 010000000 000
gullible, -0.89, -0.82, -0.6, -1.34, -1.57, -1.11, 10 010000000 000
happy, 2.13, 1.72, 1.89, 2.76, 2.06, 2.12, 10 100010000 000
heart-broken, -1.89, -0.07, -1.57, -2.19, 0.31, -2.0, 10 100000000 000
heavy-hearted, -1.02, -0.03, -1.59, -1.93, -0.11, -2.27, 10 100000000 000
helpful, 1.59, 1.26, 1.25, 2.03, 1.97, 1.65, 10 010000000 000
homesick, 1.07, 0.74, -0.13, 0.56, 1.16, -0.78, 10 100000000 000
homosexual, -1.59, -1.06, -0.93, -1.84, -0.65, -0.86, 10 001100000 000
honest, 1.93, 1.23, 0.66, 2.26, 1.37, 1.24, 10 010000000 000
hopeful, 1.94, 1.69, 1.96, 2.23, 1.83, 1.94, 10 110000000 000
horrified, -1.99, 0.01, -1.27, -1.89, 0.38, -0.57, 10 100000000 000
hotheaded, -1.39, 0.43, 0.0, -1.49, 0.33, 0.26, 10 010000000 000
humble, 0.77, 0.17, -0.19, 0.59, -0.44, -0.76, 10 110000000 000
humiliated, -1.97, -0.56, -1.21, -2.2, -0.6, -1.59, 10 100000000 000
hurt, -1.77, -0.05, -1.2, -2.12, -0.28, -1.38, 10 100100000 000
idealistic, 0.79, 0.47, 0.95, 0.63, 0.11, 1.23, 10 010000000 000
ignoble, -1.65, -1.23, -1.17, -2.08, -1.48, -1.39, 10 000100000 000
ignorant, -1.21, -1.41, -1.15, -1.65, -1.2, -0.58, 10 000100000 000
ill-at-ease, -1.02, -0.33, -0.87, -1.38, -0.9, -1.28, 10 100000000 000
immature, -0.05, -0.69, 0.45, -0.59, -1.02, 0.36, 10 010000000 000
immoral, -2.0, 0.13, -0.74, -2.51, -0.16, -1.05, 10 000100000 000
impatient, -1.9, -0.68, -0.93, -1.67, 0.0, -0.77, 10 100010000 000
impolite, -1.83, -1.15, -0.91, -2.17, -1.26, -0.72, 10 010000000 000
impressionable, 1.27, 0.93, 0.99, 1.21, 1.55, 1.38, 10 010000000 000
in-love, 2.4, 1.75, 2.19, 2.57, 2.2, 2.13, 10 000100000 000
indecisive, -1.4, -1.03, -1.28, -0.9, -1.15, -1.01, 10 010000000 000
independent, 1.7, 1.72, 1.19, 2.11, 2.25, 1.79, 10 010000000 000
indifferent, -1.71, -1.08, -1.4, -2.13, -1.43, -1.72, 10 010000000 000
indolent, -1.8, -1.19, -1.47, -1.63, -1.41, -1.51, 10 010000000 000
industrious, 1.82, 1.19, 0.5, 1.68, 1.51, 0.79, 10 010000000 000
inexperienced, -0.94, -0.65, -0.24, -1.28, -1.08, -0.39, 10 000100000 000
inhibited, -1.6, -0.69, -1.54, -1.76, -1.33, -2.31, 10 010000000 000
innocent, 1.7, 0.37, 1.76, 1.71, 0.18, 1.96, 10 000100000 000
insane, -1.29, 0.76, 0.64, -0.83, 1.03, 1.34, 10 001100000 000
insecure, -1.49, -1.16, -0.89, -1.77, -1.45, -1.14, 10 010000000 000
insincere, -1.96, -0.79, -1.24, -2.03, -1.01, -1.06, 10 010000000 000
intelligent, 2.11, 1.38, 1.94, 2.49, 1.46, 2.01, 10 010000000 000
intolerant, -0.9, -0.75, -0.77, -1.82, -1.06, -1.3, 10 010100000 000
introspective, 1.2, 0.46, -0.27, 0.9, 0.67, -0.26, 10 010000000 000
introverted, 0.26, -0.53, -1.47, -0.35, -0.95, -1.62, 10 010000000 000
irate, -0.73, 0.47, -0.41, -1.78, 1.25, 0.06, 10 100000000 000
irked, -1.46, -0.6, -1.44, -2.1, -0.48, -1.95, 10 100000000 000
irresponsible, -1.93, -1.55, -1.24, -2.52, -1.39, -1.05, 10 010000000 000
irritated, -0.86, 0.84, 0.05, -1.77, 1.19, 0.03, 10 100000000 000
jealous, -1.67, 0.01, -1.09, -1.77, 0.35, -0.59, 10 110000000 000
joyful, 2.06, 1.52, 1.64, 1.96, 1.61, 1.83, 10 100000000 000
joyless, -1.34, -0.93, -1.33, -1.97, -0.52, -1.8, 10 100010000 000
kindly, 2.31, 1.16, 0.64, 2.38, 1.64, 1.13, 10 010000000 000
lazy, -1.25, -0.96, -1.45, -1.85, -1.3, -1.59, 10 010000000 000
lonely, -0.81, -0.42, -1.23, -1.54, -0.37, -2.14, 10 100000000 000
lonesome, -1.05, -0.72, -1.68, -1.04, -0.3, -1.74, 10 100000000 000
lovesick, -0.37, 0.6, -0.01, -1.27, -0.95, -1.27, 10 100000000 000
low, -1.66, -0.79, -1.54, -2.1, -0.7, -1.97, 10 100000000 000
lower class, -0.01, 0.21, 0.44, 0.21, 0.21, 0.65, 10 001000000 000
loyal, 2.06, 1.68, 0.9, 2.34, 1.85, 1.07, 10 010000000 000
lucky, 1.74, 0.96, 1.25, 2.22, 1.45, 1.7, 10 000100000 000
male, 1.14, 1.89, 1.56, 0.84, 2.0, 1.12, 10 001000000 000
married, 0.4, 0.39, 0.17, 0.9, 0.69, -0.16, 10 001000000 000
masculine, 0.61, 1.56, 1.31, 0.74, 1.67, 1.3, 10 010000000 000
mature, 1.51, 1.31, 0.44, 1.63, 2.03, 0.42, 10 010100000 000
mediocre, -1.04, -0.9, -0.93, -1.21, -1.49, -1.36, 10 000100000 000
melancholy, -1.18, -0.51, -1.11, -1.63, -0.84, -1.69, 10 100000000 000
middle-class, 1.2, 0.89, 1.04, 1.75, 1.28, 1.41, 10 001000000 000
mischievous, 0.13, 0.25, 1.33, 0.74, 0.48, 2.0, 10 010000000 000
miserable, -1.31, -0.64, -1.09, -2.01, -0.49, -1.61, 10 100000000 000
model, 1.75, 1.28, 1.51, 2.0, 1.63, 1.35, 10 000100000 000
modern, 1.46, 1.52, 1.92, 1.42, 1.62, 2.16, 10 000100000 000
modest, 1.49, 0.63, 0.07, 1.9, 0.92, 0.41, 10 010000000 000
mortified, -1.42, -0.21, -1.43, -2.06, -0.25, -1.78, 10 100000000 000
motivated, 0.28, 0.32, 0.85, -0.09, 0.67, 0.04, 10 010100000 000
moved, 1.59, 1.29, 1.23, 1.96, 2.09, 1.37, 10 100000000 000
narrowminded, -1.65, -1.49, -1.53, -1.91, -1.55, -1.58, 10 010000000 000
neighborly, 2.09, 1.17, 1.06, 2.28, 0.78, 1.3, 10 000100000 000
nervous, -0.94, -0.43, -0.33, -1.59, 0.38, -0.75, 10 100010000 000
noble, 1.13, 1.15, 0.73, 1.29, 1.34, 1.0, 10 000100000 000
non-autonomous, -1.21, -1.15, -0.14, -1.68, -0.68, -0.1, 10 000100000 000
non-corruptible, 1.62, 1.03, 0.32, 1.3, 1.3, 0.18, 10 010100000 000
non-procrastinating, 1.61, 1.31, 1.15, 1.58, 1.26, 1.43, 10 010000000 000
obedient, 0.2, -0.56, -0.79, -0.02, -0.96, -1.02, 10 010000000 000
offensive, -0.98, 0.46, 1.16, -0.94, 0.67, 1.05, 10 010000000 000
old, -0.08, -0.74, -1.59, -0.46, -0.89, -1.43, 10 001000000 000
optimistic, 2.23, 1.79, 2.03, 2.27, 2.25, 2.43, 10 110000000 000
outgoing, 1.19, 1.54, 1.97, 1.25, 1.32, 2.01, 10 010000000 000
outraged, 0.76, 1.89, 1.14, 0.16, 1.35, 1.32, 10 100010000 000
outspoken, 1.12, 0.99, 0.98, 0.91, 1.41, 1.76, 10 010000000 000
overjoyed, 1.81, 1.27, 1.96, 1.63, 2.05, 2.44, 10 100010000 000
overwhelmed, -1.09, -0.7, -0.88, -1.62, -0.56, -1.38, 10 100000000 000
passionate, 1.95, 1.95, 2.07, 1.86, 1.81, 2.06, 10 110000000 000
patient, 1.57, 0.96, 0.0, 1.77, 1.05, -0.18, 10 010000000 000
perceptive, 1.4, 1.13, 1.34, 1.82, 1.52, 1.84, 10 010000000 000
persistent, 1.51, 1.39, 1.16, 2.32, 1.89, 1.51, 10 010000000 000
petrified, -1.59, -0.26, -1.43, -1.82, -0.06, -0.72, 10 100000000 000
plain, 1.61, 0.78, -0.26, 1.76, 1.22, -0.14, 10 000100000 000
playful, 0.53, 0.63, 1.6, 0.45, 0.3, 1.74, 10 010000000 000
pleased, 1.8, 1.51, 1.76, 2.27, 1.7, 2.18, 10 100010000 000
polite, 2.02, 1.12, 1.4, 2.25, 1.7, 1.67, 10 010000000 000
poor, -0.81, -0.66, -0.66, -1.18, -0.87, -1.33, 10 001000000 000
popular, 1.75, 1.49, 1.54, 2.08, 1.56, 2.02, 10 001100000 000
powerful, 1.6, 1.73, 1.5, 1.67, 1.95, 1.91, 10 001100000 000
principled, 1.63, 1.44, 0.92, 1.81, 1.41, 0.83, 10 010000000 000
procrastinating, -1.49, -1.13, -1.09, -1.65, -1.07, -1.43, 10 000100000 000
proud, 1.91, 1.8, 1.66, 2.35, 2.17, 2.26, 10 100010000 000
quarrelsome, -1.02, 0.1, 0.59, -1.48, 0.37, 0.62, 10 010000000 000
quiet, 0.9, -0.16, -1.1, 1.05, -0.17, -1.05, 10 000100000 000
regretful, -1.0, -0.35, -0.91, -1.55, -0.16, -1.23, 10 100000000 000
relaxed, -1.35, -1.16, -1.05, -1.56, -1.38, -1.39, 10 100100000 000
relieved, 1.62, 0.87, 1.23, 1.99, 1.2, 0.99, 10 100000000 000
remorseful, -1.19, -0.62, -0.71, -1.43, -0.29, -1.31, 10 100000000 000
resentful, -1.44, 0.52, -1.44, -1.76, 0.86, -0.21, 10 100000000 000
responsible, 2.25, 1.58, 1.03, 2.6, 2.03, 1.83, 10 010000000 000
rich, 1.44, 1.23, 0.81, 1.54, 1.75, 1.26, 10 001000000 000
rigid, -0.43, 1.27, -0.43, -0.21, 1.26, -0.29, 10 010000000 000
sad, -1.21, -0.19, -1.33, -1.99, -0.56, -1.84, 10 100000000 000
sadistic, -2.7, -0.06, -0.42, -3.25, 0.45, -0.37, 10 010000000 000
satisfied, 1.63, 1.43, 1.65, 2.0, 1.68, 1.57, 10 100000000 000
scared, -1.83, -0.09, -0.51, -1.63, 0.2, -0.28, 10 100010000 000
secretive, 0.07, 0.33, -0.63, -0.25, -0.56, -0.77, 10 010000000 000
secure, 1.64, 1.68, 0.94, 2.65, 2.28, 1.21, 10 010100000 000
self-centered, -1.03, 0.08, 0.15, -0.6, -0.24, 0.02, 10 010000000 000
self-conscious, 1.63, 1.0, 0.14, 1.74, 1.14, 1.11, 10 110000000 000
self-pitying, -0.66, -0.59, -0.7, -1.48, -1.2, -1.68, 10 100000000 000
self-righteous, -1.81, -0.14, -0.37, -1.75, -0.73, -0.09, 10 010000000 000
self-sacrificing, 1.97, 1.45, 1.28, 1.84, 1.57, 1.09, 10 010100000 000
selfish, -2.1, -1.38, -0.9, -2.36, -0.9, -0.92, 10 010000000 000
shaken, -1.53, -0.24, -1.09, -1.98, -0.63, -1.17, 10 100000000 000
shook up, -1.48, -0.4, -1.01, -2.06, -0.14, -0.74, 10 100000000 000
sick-at-heart, 0.06, -0.41, -0.44, -0.74, -0.95, -1.29, 10 100000000 000
sickened, -1.4, -0.82, -0.79, -2.1, 0.0, -1.04, 10 100000000 000
single, 0.22, 0.28, -0.1, 0.55, 0.34, 0.44, 10 001000000 000
sloppy, 0.56, -0.02, 0.57, 0.43, 0.52, 0.6, 10 010000000 000
smug, -0.71, -0.66, 0.35, -1.19, -0.24, 0.47, 10 110000000 000
soft-spoken, 1.64, 0.33, 0.19, 1.76, 0.52, 0.21, 10 010000000 000
sophisticated, -1.13, -0.02, -1.02, -1.44, -0.21, -1.38, 10 010000000 000
sorrowful, -1.57, -0.65, -1.45, -1.96, -0.32, -1.67, 10 100000000 000
sorry, -0.23, 0.18, -0.1, -0.38, -0.33, -1.1, 10 100000000 000
stingy, -2.13, -1.49, -1.51, -1.85, -1.37, -1.23, 10 010000000 000
strange, 0.23, 0.41, 0.47, 0.34, 0.52, 0.42, 10 000100000 000
strict, 0.32, 1.59, -0.6, 0.37, 1.3, -0.26, 10 010000000 000
strong-willed, 2.15, 2.01, 1.36, 2.13, 2.2, 1.14, 10 010000000 000
stubborn, -0.83, 0.27, -0.34, -0.69, 0.75, 0.0, 10 010000000 000
studious, 1.68, 0.95, 0.49, 1.55, 1.4, 0.17, 10 010000000 000
submissive, -0.31, -0.74, -0.77, -0.5, -1.38, -0.99, 10 010000000 000
successful, 1.88, 1.89, 1.64, 2.38, 2.01, 1.85, 10 000100000 000
superstitious, -1.54, -1.09, -1.11, -1.6, -1.15, -1.36, 10 010000000 000
tactful, 1.83, 1.1, 1.9, 2.08, 1.58, 2.08, 10 010000000 000
talented, 1.91, 1.92, 1.81, 2.33, 1.93, 2.09, 10 000100000 000
team spirited, 2.09, 1.96, 1.32, 2.13, 2.14, 1.95, 10 010000000 000
technically incompetent, -1.17, -1.56, -1.05, -1.43, -1.33, -1.39, 10 000100000 000
technically knowledgeable, 1.76, 1.3, 1.45, 1.78, 1.84, 1.59, 10 000100000 000
temperamental, -1.17, -0.16, 0.2, -0.54, -0.41, 0.41, 10 010000000 000
terrified, -1.43, 0.21, -1.03, -1.99, 0.09, -1.14, 10 100000000 000
thrilled, 1.65, 1.95, 1.79, 1.04, 1.84, 2.24, 10 100010000 000
timid, -1.32, -1.55, -1.36, -1.22, -1.82, -1.11, 10 010000000 000
tolerant, 1.91, 1.15, 0.35, 2.52, 2.13, 1.28, 10 010100000 000
tormented, -1.79, -0.17, -1.03, -2.44, -0.32, -1.57, 10 100000000 000
touched, 1.44, 0.65, 0.49, 1.17, 1.14, 0.98, 10 100000000 000
truth-seeking, 1.8, 1.29, 1.16, 1.83, 1.21, 1.22, 10 010000000 000
understanding, 2.01, 1.7, 1.3, 2.42, 1.89, 1.69, 10 010000000 000
uneasy, -0.53, -0.41, -0.82, -1.52, -0.77, -1.66, 10 100000000 000
unemployed, -1.49, -0.59, -1.18, -1.57, -1.15, -1.57, 10 001000000 000
unfair, -1.51, -0.84, -0.58, -2.36, -0.58, -0.75, 10 010000000 000
unhappy, -1.1, -0.84, -1.24, -2.02, -0.65, -1.43, 10 100010000 000
unhealthy, -1.53, -1.58, -1.48, -2.18, -1.27, -1.4, 10 000100000 000
unhelpful, -1.13, -1.25, -1.08, -1.03, -1.2, -1.01, 10 010100000 000
unlucky, -1.08, -1.2, -1.04, -1.52, -1.36, -1.78, 10 000100000 000
unmotivated, -0.78, -1.01, -1.05, -0.95, -0.95, -0.73, 10 010000000 000
unpopular, -1.67, -1.32, -1.77, -1.88, -1.25, -1.49, 10 000100000 000
unscrupulous, -2.08, -0.88, -0.93, -2.18, -1.1, -0.86, 10 010000000 000
unsocial, -0.86, -0.59, -1.83, -1.62, -1.1, -2.16, 10 010000000 000
unsuccessful, -1.26, -1.29, -1.35, -1.53, -1.5, -1.46, 10 000100000 000
upright, 2.47, 2.04, 0.9, 2.45, 1.92, 1.12, 10 010000000 000
upset, -1.93, -0.67, -1.2, -2.02, -0.28, -1.0, 10 100000000 000
vengeful, -1.62, -0.39, -0.44, -1.67, -0.06, -0.81, 10 010000000 000
weak, -1.43, -1.28, -1.49, -1.81, -2.04, -1.53, 10 000100000 000
wild, 0.93, 1.02, 1.56, 1.16, 0.68, 1.77, 10 010000000 000
wise, 1.86, 1.36, 1.29, 2.23, 1.82, 1.34, 10 010000000 000
young, 2.09, 1.92, 2.15, 2.25, 2.14, 2.65, 10 001000000 000

