abortionist, -1.38, -0.34, -1.03, -0.19, 0.9, -0.47, 11 000001001 011
academic, 1.46, 0.44, -0.63, 1.6, 1.03, -0.16, 11 000010000 000
accountant, 0.93, 0.14, 0.02, 0.68, 0.38, 0.12, 11 010000000 000
accounting clerk, 0.57, -0.12, 0.0, 0.94, 0.39, 0.08, 11 010000000 000
accuser, -0.92, -0.86, -0.9, -0.17, -0.63, -0.85, 11 111100000 000
acquaintance, 1.17, 0.44, 1.47, 1.82, 1.23, 1.89, 11 100000000 000
actor, 0.97, 0.63, 1.87, 1.33, 0.71, 1.95, 11 110000000 000
acupuncturist, 1.03, 0.55, -0.43, 1.1, 1.13, -0.31, 11 000001000 000
admiral, 1.52, 2.38, 0.25, 2.27, 2.4, 1.31, 11 000100000 000
adolescent, 1.37, 0.33, 2.24, 1.8, 0.69, 2.62, 11 100000010 000
adult, 0.41, 1.36, -0.56, 0.83, 1.39, -0.02, 11 101000010 000
adulterer, -2.87, -0.45, 0.08, -2.9, 0.07, 0.16, 10 000000011 001
adulteress, -1.94, -0.44, 1.43, -2.92, -0.68, 1.2, 01 000000011 001
advisor, 1.69, 1.59, 0.23, 1.7, 1.53, 0.49, 11 110110000 000
aggressor, -1.16, 1.57, 1.26, -1.34, 1.46, 0.88, 11 100000000 000
agnostic, -0.79, -1.0, -1.18, -0.57, -0.58, -0.73, 11 000000100 000
AIDS patient, -1.27, -1.3, -1.27, -1.46, -1.13, -1.37, 11 000001000 000
airline pilot, 1.48, 1.41, 1.55, 1.79, 1.76, 1.53, 11 010000000 000
alcoholic, -1.92, -0.16, -0.12, -2.68, -0.48, -1.2, 11 100001000 000
ally, 1.56, 1.54, 0.93, 1.66, 1.22, 1.78, 11 100100000 000
alumnae, 1.81, -0.59, 1.66, 1.4, 0.07, 1.2, 01 000010000 000
alumnus, 1.06, 0.87, 1.16, 1.34, 1.1, 1.7, 11 000010000 000
amateur, 1.46, 0.51, 2.0, 1.58, 0.55, 1.76, 11 100000000 000
ambassador, 0.62, 1.24, -0.03, 1.34, 2.03, 1.02, 11 000100000 000
American, 0.39, 1.02, 1.84, 0.75, 1.36, 2.33, 11 100100000 000
antagonist, -0.48, 0.62, 0.84, -0.07, 1.09, 1.04, 11 100000000 000
applicant, 0.85, 0.04, 0.58, 0.75, -0.01, 1.06, 11 011000000 000
apprentice, 0.63, -1.11, 0.31, 0.73, -0.89, 1.01, 11 010000000 000
architect, 1.26, 1.04, 0.92, 1.85, 1.37, 1.13, 11 010000000 000
army scout, 1.27, 1.34, 1.21, 0.93, 0.81, 1.14, 11 000100000 000
arsonist, -2.66, 0.35, -0.73, -2.82, 0.76, -1.19, 11 001000000 000
artist, 1.55, 0.79, 1.08, 1.89, 1.05, 1.51, 11 110010000 000
assailant, -0.94, 1.78, 1.14, -1.7, 1.45, 0.41, 11 001000000 001
assassin, -1.98, 1.33, -1.07, -2.19, 1.12, -0.75, 11 001100000 001
assistant professor, 1.0, -0.46, 0.7, 1.1, 0.44, 1.01, 11 000010000 000
astrologer, -1.46, -1.38, -0.98, -0.51, -0.17, -1.14, 11 100000100 000
atheist, 1.05, 0.72, 0.8, 0.95, 0.6, 0.47, 11 000000100 000
athlete, 1.35, 1.99, 2.41, 1.58, 2.05, 2.73, 11 010010000 001
attorney, 0.27, 0.46, 0.49, 0.56, 0.79, 1.23, 11 011000000 000
auctioneer, 0.24, 0.38, 1.06, 0.41, 0.49, 1.42, 11 010000000 000
auditor, 0.42, 0.13, -0.54, 0.35, 0.61, -0.11, 11 011010000 000
aunt (maternal), 1.27, -0.04, 0.75, 1.51, 0.72, 1.23, 01 000000010 000
author, 0.8, 0.38, -0.24, 1.42, 0.76, 0.54, 11 010010000 000
authority, 0.7, 2.62, 0.28, 1.01, 2.63, 0.48, 11 111111100 000
auto mechanic, 1.1, 0.7, 0.18, 1.21, 1.2, 0.53, 11 010000000 000
baby, 2.26, -2.33, 1.95, 2.79, -2.0, 2.49, 11 100001010 001
baby sitter, 1.07, -0.29, 0.62, 1.58, 0.27, 1.35, 11 000000010 011
bachelor, 0.28, 0.16, 0.36, 0.46, 0.58, 0.84, 10 000000011 000
backstabber, -2.74, -0.4, -0.52, -3.38, 0.15, -0.7, 11 100100000 000
bailsman, 0.48, 0.89, 0.09, 0.99, 1.26, 0.14, 11 011000000 000
baker, 1.29, -0.33, 0.65, 1.28, 0.81, 1.25, 11 010000000 000
bandit, -2.5, 1.35, 0.95, -2.67, 2.07, 0.8, 11 001000000 000
bank customer, 0.37, 0.31, 0.5, 0.64, 0.12, 0.23, 11 010000000 000
bank employee, 0.37, -0.06, -0.15, 0.8, 0.36, 0.32, 11 010000000 000
bank manager, 0.35, 1.81, -0.63, 1.41, 1.59, 0.18, 11 010000000 000
bank teller, 0.14, -0.59, -0.4, 0.55, 0.17, -0.1, 11 010000000 000
banker, -0.17, 1.39, -0.29, 0.62, 1.93, 0.64, 11 010000000 001
barbarian, -1.35, 1.3, 1.47, -1.57, 1.96, 0.73, 11 100100000 000
barber, 1.05, -0.46, 0.34, 1.33, 0.26, 0.93, 11 010000000 001
barmaid, 0.9, -0.57, 1.95, 0.45, 0.08, 1.51, 01 010000000 000
bartender, 0.66, -0.29, 1.67, 0.56, 0.1, 1.85, 11 010000000 000
beautician, 0.76, 0.44, 1.61, 1.31, 0.82, 1.92, 11 010000000 001
beauty, 2.61, -0.23, 1.61, 1.78, 0.48, 1.46, 01 100000000 001
beggar, -1.07, -1.76, -1.7, -1.04, -1.5, -0.87, 11 100000000 000
bellhop, 0.03, 0.07, 0.57, 0.9, 0.38, 1.11, 11 010000000 000
benefactor, 2.36, 1.4, 1.04, 2.83, 1.94, 0.79, 11 010100000 000
bicycle repairman, 0.96, 0.12, 0.16, 0.88, 0.73, 0.49, 10 010000000 000
big city mayor, 0.75, 1.65, 0.14, 0.96, 1.88, 0.92, 11 000100000 000
big shot, 0.54, 2.04, 0.36, 1.0, 2.12, 0.49, 11 100000000 000
bigamist, -1.29, -0.27, 0.13, -1.28, 0.07, 0.48, 11 001000011 011
bigot, -1.73, -1.25, -1.49, -1.48, -1.88, -0.93, 11 100000000 000
bill collector, -0.14, 0.8, 0.52, -0.39, 0.48, 0.0, 11 010000000 000
biographer, 0.48, 0.47, 0.53, 0.65, 0.69, 0.08, 11 000010000 000
bisexual, -1.26, -0.48, -0.08, -1.4, -0.18, 0.31, 11 000000001 001
blind person, 0.29, -1.48, -1.71, 0.44, -1.5, -1.48, 11 100001000 010
blood donor, 2.74, 1.61, 1.59, 2.75, 1.66, 1.97, 11 000001000 001
blue-collar worker, 1.27, 1.43, 1.27, 0.87, 0.42, 0.95, 11 010000000 000
board director, 0.36, 1.01, -0.31, 0.79, 1.74, 0.1, 10 010000000 000
boarder, 0.54, -0.24, 0.31, 1.26, 0.1, 1.73, 11 010000000 000
bodyguard, 0.87, 2.06, -0.43, 1.35, 2.2, 0.71, 11 001100000 001
bookie, -0.53, -0.43, 1.58, -0.57, 0.51, 2.25, 11 011000000 000
bookkeeper, 0.12, -0.45, -0.49, 0.54, 0.2, -0.49, 11 010000000 000
bookworm, -0.66, -1.49, -2.31, -0.75, -1.74, -2.7, 11 000010000 000
boss, -0.29, 1.39, 0.23, 0.21, 1.79, 0.54, 11 010000000 000
boxer, 0.79, 2.08, 2.0, 0.28, 2.61, 1.79, 10 010000000 001
boy, 1.64, 1.14, 2.59, 1.41, 1.8, 2.53, 10 100000010 000
boyfriend, 1.72, 1.94, 1.77, 2.42, 2.25, 2.31, 10 000000001 001
braggart, -2.12, -0.92, 1.6, -1.53, -0.45, 1.59, 11 100000000 000
brain, 2.08, 1.59, 0.64, 2.21, 1.97, 1.21, 11 100010000 000
brat, 0.61, -0.68, 2.57, 0.72, 0.04, 2.35, 11 100000010 000
briber, -2.23, -0.59, -0.49, -2.45, -0.35, 0.09, 11 100100000 000
bricklayer, 0.6, 0.04, 0.0, 0.46, 0.84, 0.63, 11 010000000 000
bride, 2.44, -0.49, 1.98, 2.15, 0.41, 2.2, 01 000000010 001
brother (elder), 2.06, 1.78, 1.65, 2.39, 2.2, 1.87, 10 000000010 000
brother in law, 1.03, 0.89, 1.17, 1.08, 0.94, 1.18, 10 000000010 000
brother (younger), 1.69, -1.03, 2.09, 1.84, 0.0, 1.87, 10 000000010 000
brute, -2.67, 1.37, -0.7, -3.19, 1.69, -1.39, 10 100000000 001
Buddhist, 0.46, -0.91, -1.91, 0.75, -0.22, -1.32, 11 000000100 000
buddy, 2.7, 1.87, 1.98, 2.69, 1.36, 2.13, 11 100000000 000
bully, -2.66, -0.08, 0.8, -3.03, 1.13, 0.54, 11 100000000 001
bully's victim, 0.29, -2.07, -1.56, 0.33, -2.44, -1.8, 11 100000000 001
bum, -1.51, -1.05, 0.0, -2.49, -1.15, -0.41, 11 100000000 000
burglar, -3.0, -0.48, 0.07, -3.07, 0.32, -0.7, 11 011000000 000
bus driver, 0.45, 0.24, -0.15, 0.48, 0.5, 0.01, 11 010000000 000
busboy, 0.78, 0.21, 0.15, 0.89, 0.52, 0.57, 10 010000000 000
busybody, -0.76, -0.43, 1.38, -1.58, 0.27, 1.53, 11 100000000 000
butcher, -0.76, 1.63, 0.43, -0.68, 1.47, 0.04, 11 010000000 000
bystander, -1.01, -1.07, -0.86, -0.55, -0.7, -0.9, 11 100000000 000
cadre, 0.44, 1.37, 0.0, 0.86, 1.82, 0.36, 11 000100000 000
call girl, -0.94, -1.76, 0.69, -1.79, -1.98, 0.7, 01 000000001 001
capitalist, -1.06, 1.54, -0.07, -0.06, 1.49, 0.43, 11 010000000 000
captive, -0.53, -1.94, -1.77, -0.63, -1.58, -1.94, 11 001100001 001
carpenter, 1.0, 0.37, 0.36, 0.74, 0.7, 0.8, 11 010000000 000
cashier, 0.05, -0.27, -0.29, 0.48, 0.32, -0.21, 11 010000000 000
Catholic, -0.16, -0.28, -0.49, 0.3, -0.26, -0.85, 11 000000100 000
celebrity, 0.78, 1.5, 1.16, 1.21, 1.5, 1.14, 11 110000000 000
CEO, 1.23, 2.52, 0.67, 1.22, 2.48, 0.73, 11 010000000 000
chairman of the Board, 0.35, 1.69, 0.29, 1.11, 2.24, 0.19, 10 010000000 000
champion, 2.23, 2.13, 1.97, 2.47, 2.49, 2.54, 11 100010000 001
chancellor, 1.64, 2.42, 1.23, 2.24, 2.87, 0.78, 11 000110000 000
chaperon, 2.69, 0.18, 2.05, 1.87, 0.43, 2.22, 11 100000010 000
chatterbox, -1.96, -0.9, 1.05, -2.59, -0.39, 1.22, 11 100000000 000
chauffeur, 0.33, -0.01, -0.08, 0.72, 0.54, 0.03, 11 010100000 000
cheat, -2.75, -0.86, 1.69, -2.94, -0.39, 0.74, 11 110000000 000
chef, 0.87, 0.73, 0.3, 1.51, 1.33, 1.44, 11 010000000 000
chemist, 0.91, 0.86, -0.63, 0.91, 1.35, -0.08, 11 010010000 000
child, 2.06, -1.3, 2.52, 2.17, -0.89, 2.66, 11 100000010 000
child molester, 0.35, -0.01, 2.57, 0.26, 0.45, 2.74, 11 001000011 001
Christian, 0.65, -0.6, -1.3, 0.87, 0.14, -0.17, 11 000000100 010
civil servant, 0.29, 0.09, -0.7, 0.65, 0.9, -0.05, 11 001100000 000
classmate, 1.33, 0.16, 1.3, 1.41, 0.44, 1.19, 11 000010000 000
clergy, 1.1, -0.01, -1.21, 1.27, 0.54, -0.89, 11 000000100 000
clerk, 0.32, 0.16, 0.53, 0.85, 0.28, 0.76, 11 011000000 000
client, 0.79, 0.23, 0.07, 0.75, 0.6, 0.36, 11 011000000 000
clown, 0.9, -1.14, 1.83, 1.16, -0.63, 2.12, 11 100000000 000
co-worker, 1.22, 0.89, 1.03, 1.48, 1.21, 1.53, 11 010000000 000
coach, 0.87, 1.62, 0.87, 1.51, 2.02, 1.17, 11 010010000 001
coal miner, 1.05, 0.9, 0.44, 0.91, 1.2, 0.1, 10 010000000 000
coed, 1.1, -0.17, 1.75, 1.53, 0.43, 2.31, 01 000010000 000
colleague, 0.93, 0.44, 0.21, 0.75, 0.66, 0.75, 11 011111000 000
college student, 1.73, 0.65, 2.26, 2.15, 0.99, 2.49, 11 000010000 000
comedian, 1.95, 0.62, 2.01, 2.18, 0.63, 2.34, 11 110000000 000
commentator, 0.72, 0.47, 1.55, 0.4, 0.9, 1.07, 11 010100000 000
companion, 2.76, 0.56, 1.94, 2.3, 1.84, 1.61, 11 100000000 000
computer programmer, 0.84, 0.3, 0.04, 1.32, 1.43, 0.54, 11 010010000 000
computer programmer, 0.91, 0.3, 0.22, 1.22, 1.16, 0.59, 11 010010000 000
computer whiz, 1.27, 1.28, 0.45, 1.84, 2.11, 0.47, 11 110010000 000
comrade, 0.95, 0.38, 0.48, 1.24, 1.0, 0.91, 11 100100000 000
confidant, 2.56, 1.29, 1.6, 2.55, 1.9, 2.51, 11 100000000 000
conformist, -1.66, -1.8, -1.13, -0.74, -1.1, -0.43, 11 100000000 000
confucian, 0.7, 0.17, -0.43, 0.61, 0.08, -1.47, 11 000000100 000
connoisseur, 1.22, 0.9, -0.19, 1.33, 0.93, 0.03, 11 100000000 000
construction foreman, 0.36, 1.24, 0.78, 0.56, 1.43, 0.91, 11 010000000 000
construction laborer, 0.73, 0.68, 0.47, 0.62, 0.91, 1.15, 11 010000000 000
consul general, 0.35, 1.52, -0.1, 1.18, 2.1, 0.87, 10 000100000 000
consumer, 0.73, -0.02, 0.64, 1.04, 0.44, 1.24, 11 010000000 000
convict, -1.94, -1.2, -1.9, -1.97, -0.44, -1.57, 11 001000000 001
cook, 0.86, 0.42, 0.5, 1.28, 0.79, 1.09, 11 110000000 000
cop, 0.94, 1.81, 0.35, 0.94, 1.87, 0.85, 11 001000000 001
copycat, -1.36, -1.67, -1.51, -1.27, -2.07, -1.74, 11 100000000 000
coroner, -0.39, 0.1, -1.7, 0.0, 0.99, -1.56, 11 001001000 000
counselor, 1.02, 0.77, 0.38, 1.28, 1.21, 0.24, 11 111111100 000
cousin (maternal), 1.67, -0.04, 1.63, 1.76, 0.3, 1.93, 11 000000010 000
cousin (paternal), 1.59, 0.23, 1.44, 1.51, 0.58, 1.65, 11 000000010 000
CPA, 0.77, 0.76, 0.62, 1.1, 1.18, 0.32, 11 010000000 000
craftsman, 0.92, 0.63, 0.5, 0.63, 0.8, 0.32, 11 010000000 000
creditor, -0.24, 0.7, 0.2, 0.29, 1.07, 0.03, 11 010000000 000
criminal, -2.27, 0.73, -0.56, -2.47, 0.73, -0.44, 11 001000000 000
cripple, -0.29, -1.33, -1.07, 0.0, -1.39, -0.99, 11 100001000 000
critic, -0.26, 0.52, 1.08, 0.07, 0.97, 0.79, 11 101111100 000
crybaby, -0.13, -1.54, -0.5, -0.67, -1.09, -0.67, 11 100000000 000
customer, 0.57, -0.04, 0.24, 0.57, 0.4, 0.76, 11 010000000 000
customs officer, 0.74, 1.53, 0.05, 0.69, 1.64, -0.14, 11 011000000 000
cynic, 0.2, -0.16, -0.65, 0.07, -0.28, -0.23, 11 100110000 000
date, 2.95, 0.13, 2.1, 1.84, 1.2, 1.56, 11 100000001 000
daughter, 2.66, -1.04, 2.04, 2.28, -0.13, 2.07, 01 000000010 000
daughter in law, 1.35, -0.46, 1.39, 0.51, 0.03, 1.09, 01 000000010 000
deadbeat, -2.51, -0.9, -0.52, -2.84, -0.17, -0.06, 11 010000000 000
deaf person, -0.28, -1.19, -1.59, 0.28, -1.16, -1.71, 11 000001000 000
debtor, -0.66, -0.35, -0.69, -0.38, -0.24, -0.42, 11 010000000 000
decoy, -2.48, -0.01, 1.2, -3.12, 0.45, 0.9, 11 001100000 000
defendant, -0.94, -0.62, -0.53, -0.34, -0.6, -0.72, 11 001000000 000
delinquent, -2.31, -0.64, -0.21, -2.58, -0.25, -0.16, 11 001000000 000
dental hygienist, -0.09, 0.57, -0.55, 0.71, 1.33, -0.17, 01 000001000 001
dentist, 0.82, 0.34, -0.26, 0.86, 1.13, 0.12, 11 000001000 001
designer, 1.37, 1.17, 0.54, 1.7, 1.71, 1.67, 11 010000000 000
detective, 1.54, 1.6, 0.33, 1.2, 2.05, 1.57, 11 001000000 001
Devil, -2.23, 2.19, -0.09, -2.53, 2.01, -0.31, 11 100000100 000
dietitian, 1.1, 0.51, 0.25, 1.51, 0.93, 0.96, 11 010001000 000
dignitary, 0.35, 1.88, 0.53, 0.83, 2.16, 0.91, 11 000110100 000
dimwit, -0.48, -1.37, -0.82, -0.44, -1.43, -1.02, 11 100000000 000
diplomat, 1.14, 1.94, 1.77, 2.15, 2.53, 2.16, 11 000100000 000
disabled person, 0.16, -1.23, -1.27, 0.62, -1.61, -1.46, 11 000001000 000
disciplinarian, 0.64, 0.9, -0.15, 1.18, 1.0, -0.23, 11 000010110 001
discoverer, 1.85, 1.71, 1.57, 1.41, 1.44, 1.67, 11 100010000 000
disease carrier, -1.82, -0.8, -1.01, -1.9, -0.26, -1.48, 11 100001000 000
divorcee, -0.72, -0.57, -1.0, -0.63, -0.14, -0.25, 01 000000010 000
doctor (Ph.D.), 1.52, 1.07, -0.17, 1.85, 1.53, -0.33, 11 000010000 000
dropout, -1.03, -0.72, -0.62, -0.74, -0.99, -0.54, 11 000010000 000
drudge, 0.68, -0.62, -1.26, 0.6, -0.02, -0.55, 11 110010000 000
drug addict, -2.74, -1.91, -2.14, -2.89, -2.06, -2.22, 11 001001000 000
drunkard, -1.59, -0.62, -0.11, -2.35, -0.2, -0.67, 11 100000000 000
dullard, -1.11, -1.66, -1.67, -1.28, -1.36, -1.16, 11 000010000 000
dwarf, -0.06, -1.81, -0.48, -0.74, -1.35, -1.35, 11 100001000 000
educator, 1.9, 1.34, 1.73, 1.15, 1.16, 0.04, 11 000010000 000
electrical engineer, 1.2, 0.52, 0.04, 1.26, 1.46, 0.49, 11 010000000 000
electrician, 0.93, 0.38, 0.46, 1.36, 0.74, 0.62, 11 010000000 000
elementary school student, 1.56, -1.1, 2.58, 1.68, -1.11, 2.54, 11 000010000 000
elementary school teacher, 2.09, 1.04, 1.71, 1.2, 0.61, 1.01, 11 000010000 000
emigrant, 0.51, -0.32, 0.71, 0.55, -0.29, 0.27, 11 000100000 000
employee, 0.94, -0.66, 0.86, 0.69, -0.36, 0.88, 11 010000000 000
employer, -0.08, 0.99, -0.25, -0.29, 1.32, -0.1, 11 010000000 000
enemy, -2.67, 0.5, -0.18, -2.7, 0.59, -0.19, 11 100100000 001
engineer, 1.42, 1.0, 0.67, 1.62, 1.35, 0.72, 11 010000000 000
entrepreneur, 1.06, 1.98, 1.93, 0.95, 1.75, 1.33, 11 010000000 000
environmentalist, 1.81, 0.05, 0.63, 2.49, 1.06, 1.17, 11 110100000 000
executioner, -1.39, 0.89, -1.44, -1.1, 0.21, -1.25, 11 001100000 001
executive, 0.47, 1.03, -0.03, 0.81, 1.49, -0.3, 11 010000000 000
executive vice president, 0.57, 1.13, 0.87, 0.29, 0.73, 0.17, 11 010000000 000
expectant mother, 1.51, -0.81, -0.32, 1.97, 0.12, 0.56, 01 000001010 000
expert, 1.81, 1.6, 0.06, 1.48, 1.5, -0.08, 11 111111100 000
extrovert, 1.58, 1.08, 2.79, 1.85, 1.76, 2.87, 11 100000000 000
eyewitness, 1.03, 0.94, 0.0, 0.87, 0.93, -0.02, 11 001000000 000
fanatic, -0.34, 0.91, 2.39, -0.28, 0.91, 2.61, 11 100100000 000
farm laborer, 1.53, 1.35, 1.27, 1.18, 0.46, 0.89, 11 010000000 000
farmer, 1.83, 0.74, 0.35, 0.97, 0.22, 0.58, 11 010000000 000
father, 2.5, 2.63, 0.54, 2.46, 2.39, 0.79, 10 000000010 001
father in law, 1.33, 1.27, -0.1, 1.3, 0.87, 0.4, 10 000000010 000
father in law (maternal), 1.08, 1.22, -0.35, 1.18, 1.19, 0.01, 10 000000010 000
father in law (paternal), 0.98, 0.67, -0.95, 1.24, 0.99, -0.71, 10 000000010 000
female, 1.51, -0.76, 1.07, 2.04, 0.42, 1.93, 01 100000001 000
feminist, 0.7, 0.2, 1.5, 0.87, 1.11, 1.68, 11 000100000 000
firefighter, 2.1, 2.25, 1.79, 1.73, 1.74, 1.62, 10 101000000 001
firstborn (female), 1.87, 0.72, 0.99, 1.56, 0.97, 0.61, 01 000000010 000
firstborn (male), 1.8, 1.91, 0.5, 1.46, 1.47, 0.35, 10 000000010 000
fisherman, 1.31, 1.04, 0.76, 1.0, 0.38, 0.79, 11 110000000 000
flatterer, -2.71, -1.53, 0.36, -2.54, -1.3, 0.47, 11 100000000 000
flight attendant, 1.69, 0.37, 1.71, 2.5, 1.2, 2.44, 11 010000000 000
follower, 0.27, -0.66, 0.8, -0.69, -0.66, 0.11, 11 100100100 000
foreign minister, 1.56, 2.17, 1.48, 1.63, 2.01, 1.06, 11 000100000 000
foreigner, 0.78, 0.87, 1.53, 0.4, 0.66, 1.08, 11 000100000 000
fortune teller, -1.24, -1.04, -0.19, -0.74, -0.45, -0.31, 11 010000100 000
gambler, -2.47, -1.1, -1.07, -2.51, -0.77, -0.88, 11 110000000 000
gangster, -2.81, 0.58, -0.25, -2.96, 1.34, -0.27, 10 011000000 000
garbage collector, 0.09, -1.23, -1.16, -0.3, -0.88, -0.92, 11 010000000 000
gate keeper, -0.49, 0.14, -0.76, 0.31, 0.17, -0.37, 11 000100000 000
gay, -1.83, -1.28, -1.02, -1.25, -0.91, -0.31, 11 000000001 000
general, 1.92, 2.61, 0.5, 1.68, 2.35, 0.44, 11 000100000 000
general manager, 0.79, 1.8, 0.69, 0.67, 2.03, 0.52, 11 010000000 000
genius, 1.62, 1.21, 1.11, 1.4, 1.2, 1.73, 11 101111000 000
gentleman, 0.83, 0.79, -0.7, 1.37, 1.15, -0.53, 10 100000000 000
girl, 2.4, -1.12, 2.38, 2.38, -0.27, 1.93, 01 100000001 000
girlfriend, 3.16, 0.0, 1.78, 2.18, 1.05, 2.25, 01 000000001 001
God, 0.56, 1.12, -0.83, 0.95, 0.74, -0.49, 11 000000100 000
golfer, 0.88, 0.49, 0.82, 1.06, 0.58, 0.43, 11 100000000 000
gourmet, 1.26, 0.3, 2.01, 1.74, 0.59, 1.58, 11 100000000 000
graduate student, 1.35, 1.06, 0.7, 1.69, 1.13, 1.19, 11 000010000 000
granddaughter (maternal), 2.19, -1.44, 2.5, 1.91, -0.3, 2.09, 01 000000010 000
granddaughter (paternal), 2.53, -1.05, 2.34, 1.81, -0.66, 1.97, 01 000000010 000
grandfather (maternal), 1.66, 1.17, -0.77, 1.84, 1.09, -0.58, 10 000000010 000
grandfather (paternal), 2.18, 1.46, -0.58, 1.84, 1.3, -1.0, 10 000000010 000
grandmother (maternal), 2.14, -0.25, -0.81, 2.19, 0.91, -0.97, 01 000000010 000
grandmother (paternal), 2.16, 0.08, -0.39, 1.89, 0.38, -0.73, 01 000000010 000
grandson (maternal), 2.44, -1.15, 2.49, 1.56, -0.84, 2.41, 10 000000010 000
grandson (paternal), 2.22, -1.1, 2.61, 1.79, -0.37, 2.28, 10 000000010 000
greenhorn, -1.03, -1.31, -0.78, -0.36, -0.57, -0.22, 11 100000000 000
grind, -0.45, -1.21, -1.26, -0.83, -1.45, -2.1, 11 000010000 000
guarantor, 0.93, 1.22, -0.12, 0.8, 1.02, -0.24, 11 011000000 000
guest, 1.17, 0.47, 0.82, 1.14, 0.9, 1.42, 11 100000010 000
gunman, -3.39, 0.99, -0.85, -2.81, 1.39, -0.42, 10 001000000 001
gynecologist, 1.36, 0.71, 0.24, 0.83, 1.01, -0.53, 11 000001001 101
hag, -2.54, -0.99, -1.99, -1.82, 0.22, -1.42, 01 100000000 000
hero, 2.84, 2.92, 1.86, 2.4, 2.34, 1.49, 10 100000000 000
heroine, 2.39, 2.02, 2.47, 2.31, 2.05, 1.81, 01 100000000 000
heterosexual, 1.52, 0.74, 1.43, 1.11, 0.97, 1.61, 11 000000001 000
hick, 0.43, -0.22, 0.0, 0.57, -0.24, 0.37, 11 100000000 000
high school principal, 0.51, 0.8, -0.22, 0.7, 0.83, -0.15, 11 000010000 000
high school student, 1.78, 0.66, 2.01, 1.35, 0.28, 1.52, 11 000010000 000
high school teacher, 1.49, 0.89, 0.9, 1.11, 1.24, 0.43, 11 000010000 000
hijacker, -3.14, 1.0, -0.54, -2.71, 1.11, 0.27, 11 011100000 001
homeless person, -0.03, -1.67, -1.56, -0.09, -1.01, -1.22, 11 100000000 000
hostage, 0.22, -2.65, -1.92, 0.06, -1.92, -1.67, 11 001100000 001
hourly wage earner, 0.71, -0.17, 0.17, 0.86, -0.84, 0.2, 11 010000000 000
housebreaker, -3.16, 0.87, -0.17, -2.94, 1.11, 0.29, 11 001000000 000
housewife, 1.14, 0.54, 0.55, 1.05, 0.11, 0.01, 01 000000010 000
humanitarian, 2.37, 0.64, 1.34, 2.15, 0.94, 1.13, 11 100000000 000
hunger striker, 0.25, -0.83, -0.14, -0.07, -0.42, -0.52, 11 000100000 001
husband, 2.1, 2.47, 1.6, 2.54, 2.26, 1.56, 10 000000011 001
hypochondriac, -1.15, -1.9, -2.64, -0.92, -1.21, -2.62, 11 000001000 000
idiot, -1.56, -2.26, -1.9, -1.32, -1.44, -1.14, 11 100000000 000
ignoramus, -1.33, -1.92, -0.49, -1.43, -1.61, -0.64, 11 100010000 000
illiterate, -1.15, -1.71, -0.64, -1.47, -1.31, -0.5, 11 100010000 000
immigration officer, -0.84, 1.14, -1.25, -0.2, 1.04, -0.79, 11 001000000 000
in-law, 1.72, 1.07, 1.08, 1.17, 0.29, 0.64, 11 000000010 000
infant, 2.63, -2.54, 1.86, 1.99, -1.93, 1.73, 11 000001010 001
information researcher, -0.23, 1.43, 0.54, 0.39, 1.44, 0.16, 11 010010000 000
ingrate, -3.25, -1.14, -1.16, -2.97, -0.8, -0.74, 11 100000000 000
insurance agent, -0.04, 0.18, 0.62, 0.4, 0.49, 1.09, 11 010000000 000
intellectual, 1.8, 0.76, 0.74, 1.61, 0.9, -0.9, 11 100010000 000
internist, 0.84, 1.0, -0.65, 1.04, 1.05, -0.6, 11 000001000 000
interpreter, 0.93, 0.07, 0.74, 1.07, 0.49, 0.56, 11 100100000 000
interrogator, 0.76, -0.35, 0.74, 0.59, -0.35, 0.79, 11 001000000 000
interviewee, 0.84, 0.27, 0.58, 0.6, 0.45, 0.85, 11 110000000 000
introvert, -0.39, -0.53, -1.83, 0.04, -0.69, -2.17, 11 100000000 000
invader, -3.73, 0.69, -0.47, -3.01, 1.07, -0.53, 11 000100000 001
jailer, -0.52, 0.59, -1.07, 0.21, -0.14, -1.11, 11 001000000 001
janitor, -0.45, -0.37, -1.33, -1.29, 0.26, -1.21, 11 010000000 000
Japanese, -1.95, -1.11, -0.88, -2.4, -1.29, -1.64, 11 000100000 000
jeweler, -0.32, 0.47, -0.02, 0.14, 0.31, 0.2, 11 010000000 000
job seeker, 1.1, -1.02, 0.52, 1.14, -0.03, 0.88, 11 010000000 000
journalist, 0.56, 0.96, 2.19, 0.83, 1.44, 2.39, 11 010100000 000
judge, 0.4, 1.89, -0.93, 0.65, 1.79, -1.1, 11 001000000 000
junior high school student, 1.39, -0.66, 1.9, 1.32, -0.51, 2.04, 11 000010000 000
junior high school teacher, 1.57, 0.98, 1.34, 0.73, 0.86, 0.25, 11 000010000 000
junkie, -2.91, -1.99, -2.5, -2.38, -1.43, -1.82, 11 101000000 000
juror, 0.26, 0.92, -0.83, 0.61, 0.94, -1.01, 11 001000000 001
kidnapper, -3.11, 1.19, -0.79, -2.44, 1.06, -0.13, 11 001000000 001
kindergarten student, 2.11, -1.88, 2.47, 1.72, -1.24, 2.47, 11 000010000 000
kindergarten teacher, 2.11, 0.29, 2.16, 1.55, 0.44, 1.87, 01 000010000 001
know-it-all, -1.83, -0.93, 0.66, -1.41, -1.09, -0.36, 11 100000000 000
Korean, 0.7, -0.29, 0.23, 0.34, -0.44, -0.46, 11 000100100 000
laborer, 1.0, 0.31, 0.32, 0.79, 1.61, -0.06, 11 010000000 000
lady, 1.3, -0.27, 0.8, 1.48, 0.19, 0.98, 01 100000000 000
laid-off worker, 0.09, -1.04, -1.07, 0.27, -1.53, -1.1, 11 010000000 000
landlord, -0.44, 0.6, -0.67, -0.13, 0.29, -0.65, 10 010000000 000
lawbreaker, -2.58, -0.51, -1.09, -2.05, 0.07, -0.64, 11 001000000 000
lawyer, 0.44, 1.13, 1.15, 0.97, 1.52, 0.53, 11 001000000 000
leader, 0.09, 1.95, -0.54, -0.36, 1.58, -0.66, 11 110100100 000
lecher, -2.47, -0.17, 1.09, -3.41, 0.08, -0.22, 10 000000001 000
lesbian, -1.33, -0.93, -0.02, -1.58, -1.03, -0.53, 01 000000001 000
liar, -2.11, -1.35, 0.21, -2.06, -0.87, -0.22, 11 100000000 000
librarian, 0.59, -0.55, -0.99, 0.97, 0.33, -0.31, 11 000010000 000
lieutenant General, 1.59, 2.29, 0.29, 1.23, 1.65, 0.38, 11 000100000 000
loafer, -2.48, -1.81, -0.52, -1.92, -1.3, 0.02, 11 110000000 000
loan shark, -2.5, 0.85, -0.2, -2.4, 1.2, -0.1, 11 010000000 000
local elected official, 0.1, 0.27, -0.26, 0.6, 0.19, 0.58, 11 000100000 000
loser, -0.31, -0.99, -1.27, -0.26, -0.76, -1.54, 11 100000000 000
lover, 3.0, 0.21, 2.45, 1.79, 1.3, 1.43, 11 000000001 001
Macdonald cashier, 0.62, -0.4, 0.9, 0.64, -0.1, 0.41, 11 010000000 000
Macdonald cook, 1.07, -0.16, 0.61, 1.43, 0.99, 1.25, 11 010000000 000
Macdonald customer, 0.87, 0.29, 1.33, 1.28, 0.73, 1.51, 11 010000000 000
Macdonald franchise owner, 0.15, 0.94, 0.2, 1.08, 1.83, 1.34, 11 010000000 000
Macdonald manager, 0.21, 0.96, 0.53, 1.3, 1.38, 1.4, 11 010000000 000
Macdonald server, 0.84, -0.57, 1.59, 1.33, 0.62, 1.98, 11 010000000 000
mafioso, -2.57, 1.74, -0.63, -2.03, 1.87, -0.21, 10 011000000 000
magician, 1.32, 0.86, 1.69, 1.29, 1.08, 1.95, 11 010000000 000
maid, 1.2, -0.5, 0.68, 0.54, -0.57, -0.2, 01 010000000 000
maiden, 2.52, -0.68, 2.46, 2.16, 0.04, 2.32, 01 100000000 000
mail carrier, 1.74, 0.75, 1.47, 1.32, 0.4, 0.87, 11 010000000 000
man, 1.51, 2.37, 1.51, 1.03, 1.87, 0.65, 10 100000001 000
manager, 0.57, 1.6, 0.5, 0.79, 1.78, 0.06, 11 010000000 000
maniac, -1.31, 0.28, 1.28, -1.46, 0.74, 0.93, 11 100001000 001
masochist, -2.7, -2.08, -0.87, -1.33, -1.46, -1.65, 11 000000001 100
masseuse, 0.77, 0.02, 0.07, 0.73, 0.39, 0.25, 01 010001001 001
mate, 2.43, 0.48, 1.87, 2.25, 1.74, 1.97, 11 100000001 001
mayor, 1.01, 2.14, 0.88, 1.7, 2.39, 1.22, 11 000100000 000
medic, 0.66, -0.14, 1.34, 0.56, 0.03, 0.88, 11 000001000 000
mental patient, -1.23, -0.64, -1.09, -0.94, -0.59, -1.03, 11 000001000 001
mentor, 1.52, 1.24, 0.22, 1.57, 1.21, 0.98, 11 011111100 000
miser, -1.88, -1.46, -0.97, -1.72, -0.99, -0.76, 11 100000000 000
miss, 1.91, -0.86, 2.18, 1.28, -0.42, 1.53, 01 100000001 000
missionary, 0.12, 0.18, -1.29, -0.39, 0.06, -1.28, 11 000000100 000
mistress, 1.21, 0.41, 1.1, 1.45, 0.96, 1.35, 01 000000001 001
moron, -0.4, -1.82, -1.61, -0.9, -2.27, -1.59, 11 100000000 000
Moslem, 0.08, -0.19, -0.8, 0.25, -0.09, -1.0, 11 000000100 000
mother, 3.44, 1.93, 1.34, 3.52, 2.69, 1.39, 01 000000010 001
mother in law (maternal), 1.18, 0.58, 0.16, 0.97, 0.81, -0.14, 01 000000010 000
mother in law (paternal), 0.78, 0.04, -0.54, 0.57, 0.8, -0.7, 01 000000010 000
mourner, 0.03, -0.66, -2.23, 0.14, -0.34, -2.07, 11 000000100 100
musician, 2.44, 1.14, 2.19, 2.12, 1.23, 1.02, 11 010010000 000
negotiator, 0.77, 1.46, 1.64, 0.6, 1.23, 1.14, 11 010100000 000
neighbor, 1.5, 0.63, 1.02, 0.76, 0.11, 0.48, 11 100000000 000
nephew, 1.61, -0.23, 2.02, 1.3, -0.07, 1.92, 10 000000010 000
neurotic, -1.63, -0.98, -0.76, -1.0, -1.0, -0.56, 11 000001000 000
newcomer, 0.96, -0.05, 0.61, 0.98, -0.03, 0.6, 11 100000000 000
newscaster, 1.22, 0.96, 2.16, 2.05, 1.35, 1.91, 11 010100000 000
niece (maternal), 2.15, -1.03, 2.21, 1.41, -0.66, 1.87, 01 000000010 000
niece (paternal), 2.15, -1.23, 2.22, 1.36, -0.35, 1.81, 01 000000010 000
night watchman, 0.85, 0.83, -0.77, 0.48, 0.35, -0.76, 10 011000000 000
nobody, 0.03, -1.29, 0.05, 0.16, -1.15, -0.21, 11 100000000 000
non-commissioned officer, 1.52, 1.63, 1.19, 1.06, 1.29, 1.26, 11 000100000 000
nonconformist, 1.14, 1.05, 0.82, 1.43, 0.79, 0.57, 11 100000000 000
North Korean, 0.79, -0.34, 0.46, 0.58, 0.14, 0.34, 11 000100000 000
novice, 1.39, -0.6, 1.89, 1.2, -0.17, 1.72, 11 011111101 000
nurse, 2.32, 0.13, 1.01, 1.79, 0.72, 1.15, 11 000001000 001
nursery school student, 1.87, -1.73, 2.66, 1.75, -1.06, 2.7, 11 000010000 001
nursery school teacher, 1.82, 0.54, 2.43, 2.25, 0.79, 2.77, 11 000010000 001
office clerk, 0.23, -0.73, -0.17, 0.56, -0.42, 0.0, 11 010000000 000
old fogy, -1.86, 0.28, -1.98, -1.64, -0.35, -1.6, 11 100000000 000
old maid, -0.41, -1.17, -1.81, -0.75, -0.71, -1.78, 01 000000010 000
Olympian, 2.24, 2.52, 2.58, 1.71, 1.93, 2.26, 11 100000000 000
ophthalmologist, 1.1, 0.98, 0.35, 1.04, 0.91, -0.43, 11 000001000 000
opponent, 0.23, 1.09, 1.07, 0.56, 1.39, 1.11, 11 100100000 000
optimist, 2.59, 1.76, 2.77, 2.63, 1.77, 2.44, 11 100000000 000
orphan, 0.66, -2.06, -1.49, 0.56, -1.51, -1.03, 11 001000010 000
otorhinolaryngologist, 0.8, 0.92, 0.4, 0.74, 0.74, -0.26, 11 000001000 000
pal, 2.57, 1.43, 2.1, 2.11, 1.19, 2.21, 11 100000000 000
paralympian, 1.52, 0.53, 1.34, 2.06, 0.87, 1.71, 11 100000000 000
paralytic, -0.3, -2.08, -2.1, -0.5, -2.17, -2.63, 11 000001000 001
paratrooper, 1.0, 1.46, 1.61, 1.22, 0.96, 1.42, 11 000100000 001
parent, 2.9, 2.55, 1.14, 3.06, 2.87, 1.66, 11 000000010 001
part-time employee, 0.73, -0.05, 0.87, 1.27, 0.28, 1.06, 11 010000000 000
partner, 1.35, 1.09, 1.11, 1.03, 0.97, 0.92, 11 111000001 000
passenger, 0.78, -0.19, 1.27, 0.81, 0.14, 1.07, 11 010000000 000
patient, -0.36, -1.87, -2.17, 0.0, -1.89, -2.13, 11 000001000 001
pawnbroker, -1.22, -0.26, -0.93, -0.86, 0.31, -0.61, 11 010000000 000
peasant, 1.57, 1.0, 0.58, 1.51, 0.54, 0.29, 11 010100000 000
pedestrian, 0.43, -0.17, 0.44, 0.55, -0.16, 0.02, 11 100000000 000
peeping-tom, -2.47, -1.94, -1.21, -3.18, -1.78, -1.66, 10 001000001 000
peer, 1.29, 0.71, 1.69, 1.47, 0.01, 1.89, 11 100100000 000
pervert, -1.4, -0.35, -0.76, -1.25, -0.16, -0.23, 11 000000001 001
pessimist, -1.2, -1.51, -1.94, -1.69, -1.7, -2.32, 11 100000000 000
pest, -2.36, -0.83, -1.25, -2.51, -0.96, -0.9, 11 100000000 000
philanthropist, 2.0, 0.95, 0.93, 2.19, 2.07, 1.59, 11 100000000 000
philosopher, 0.79, 0.93, -0.75, 0.5, 0.38, -0.87, 11 000010000 000
photographer, 0.83, 0.31, 1.37, 1.31, 0.89, 1.93, 11 010000000 000
physician, 0.74, 0.81, -0.63, 1.49, 1.65, -0.09, 11 000001000 001
physicist, 2.01, 1.84, 0.12, 1.7, 1.27, 0.27, 11 000010000 000
pickpocket, -2.7, -1.16, -0.64, -2.42, -0.59, 0.38, 11 001000000 000
pimp, -2.13, -0.7, 0.7, -3.0, -0.89, -0.13, 10 011000001 000
ping pong player, 1.95, 1.51, 2.31, 1.77, 1.76, 2.2, 11 100010000 000
plainclothesman, 0.4, 1.35, 0.33, 1.04, 1.31, 0.51, 11 001000000 000
plaintiff, 0.34, 0.19, -0.08, 0.24, -0.13, -0.2, 11 001000000 000
plumber, 1.1, 0.87, 0.19, 0.67, -0.23, 0.13, 11 010000000 000
political prisoner, -0.55, 0.33, -0.06, -0.7, -0.06, -0.46, 11 000100000 000
politician, -1.54, 0.45, -0.2, -0.97, 0.4, 0.78, 11 000100000 000
polymath, 2.12, 1.74, 1.4, 1.82, 1.42, 0.43, 11 100000000 000
power station operator, 0.29, 0.86, -0.19, 0.47, 0.83, 0.01, 11 010000000 000
President, 1.4, 2.48, 0.23, 1.15, 2.05, 0.4, 11 000100000 000
priest, 0.84, 0.44, -1.11, 0.41, 0.61, -0.97, 10 000000100 000
priest (Buddhist), 0.97, 0.41, -1.1, 0.65, 0.1, -0.81, 10 000000100 000
Prime Minister, 1.75, 2.18, 1.16, 2.06, 2.09, 1.31, 11 000100000 000
principal, 0.41, 1.66, -0.41, 0.6, 2.05, -0.64, 11 000010000 000
prisoner, -1.64, -0.93, -1.86, -1.84, -0.54, -1.44, 11 001000000 000
probationer, -1.55, -0.74, -1.28, -1.46, -0.79, -1.4, 11 001000000 000
proctor, -0.72, 0.81, -1.48, -0.7, 0.76, -1.29, 11 000010000 000
professor, 1.79, 1.22, -0.03, 1.51, 1.06, 0.21, 11 000010000 000
property owner, 0.68, 1.29, 0.27, 0.7, 1.83, 0.27, 11 010000000 000
proprietor, 0.71, 0.62, 0.93, 0.31, 1.14, 1.26, 11 010000000 000
prosecuting attorney, 0.64, 1.48, -0.42, 0.87, 1.19, -0.27, 11 001000000 001
prosecutor, 0.94, 1.24, 0.3, 0.76, 1.33, 0.09, 11 001000000 000
prostitute, -1.33, -1.45, 0.45, -2.05, -1.64, 0.17, 01 010000001 001
prostitute (male), -2.38, -1.04, -0.36, -2.87, -1.9, -0.55, 10 010000001 001
psychiatrist, 0.84, 0.96, -0.24, 0.83, 1.26, -0.27, 11 000001000 000
psychoanalyst, 0.76, 0.77, -0.23, 1.6, 1.64, 1.01, 11 000001000 000
psychologist, 0.96, 0.93, -0.36, 1.23, 1.15, 0.51, 11 000011000 000
psychopath, -1.01, -0.83, 0.15, -1.19, -0.94, -0.83, 11 001001000 000
psychotic, -1.48, -0.63, -1.02, -1.32, -0.73, -0.77, 11 000001000 000
pundit, 1.6, 0.93, 0.07, 1.44, 0.8, -0.2, 11 000100000 000
quack, -2.79, -1.41, -0.97, -2.87, -0.78, -1.12, 11 000001000 000
racketeer, -2.67, 0.18, -0.29, -2.87, 0.58, -0.23, 11 011000000 000
rat, -1.9, 1.14, 0.33, -2.23, 0.83, 0.35, 11 100000000 000
real estate agent, -0.47, 0.67, 0.95, -0.04, 0.72, 1.23, 11 010000000 000
realtor, 0.09, 0.88, 1.4, 0.38, 0.99, 1.25, 11 010000000 000
receptionist, 0.89, -0.18, 1.24, 1.07, 0.11, 1.56, 11 011001000 000
researcher, 1.18, 0.5, -0.37, 1.51, 0.99, -0.06, 11 000011000 000
rival, 0.97, 1.36, 1.83, 0.97, 1.52, 1.67, 11 101110101 000
robber, -2.14, 1.44, 0.83, -2.59, 1.74, 0.67, 11 011000000 000
roommate, 1.71, 0.8, 1.63, 1.33, 0.9, 1.47, 11 100010000 000
roughneck, -2.44, 0.48, 0.1, -2.34, 1.14, 0.16, 11 100000000 000
runaway, -0.5, -0.96, -0.69, -0.44, -0.4, -0.39, 11 001000010 000
Russian, 0.22, 1.12, 0.04, 0.26, 0.98, -0.16, 11 000100000 000
sadist, -3.05, 0.46, -0.42, -3.35, 1.31, -0.81, 11 000000001 001
sales clerk, 0.32, -0.47, 0.37, 0.2, -0.79, 0.51, 11 010000000 000
salesman, -0.47, -0.34, 1.14, -1.12, -0.93, 1.39, 10 010000000 000
satyr, -1.9, -0.38, -0.16, -3.39, -0.27, -0.11, 10 000000001 000
scholar, 1.19, 0.33, -0.47, 1.51, 0.68, -0.04, 11 000010000 000
schoolgirl, 1.98, -0.53, 1.85, 2.04, -0.31, 1.63, 01 000010000 000
schoolmate, 1.58, 0.97, 1.39, 1.74, 0.81, 1.44, 11 000010000 000
scientist, 1.95, 1.55, -0.22, 1.96, 1.61, 0.69, 11 010010000 000
scion, 0.64, 0.03, 0.57, 1.03, -0.03, 0.98, 11 000000010 000
secretary, 0.9, -0.69, 0.99, 0.87, -0.57, 0.67, 11 011100000 000
self-deceiver, -1.8, -1.81, -0.82, -2.03, -1.9, -1.55, 11 100000000 000
self-employed worker, 0.28, -0.14, 1.5, -0.01, -0.27, 1.26, 11 010000000 000
senior citizen, 0.89, 0.58, 0.21, 1.09, 0.9, 1.04, 11 100100000 000
sex maniac, -2.48, 0.36, 1.19, -3.71, 0.18, -0.8, 11 000000001 000
ship captain, 1.76, 1.99, 0.93, 1.68, 1.74, 1.4, 11 010000000 000
shoe repairman, 1.08, 0.02, 0.14, 0.68, -0.54, -0.11, 11 010000000 000
shoplifter, -2.4, -1.07, -0.66, -2.69, -1.2, -0.24, 11 011000000 000
sibling, 2.44, 1.11, 1.6, 1.99, 1.4, 1.9, 11 000000010 000
sightseer, 0.91, 0.22, 1.77, 1.15, 0.83, 1.98, 11 110000000 000
sinner, -1.64, -0.26, -1.01, -1.81, -0.08, -0.74, 11 000000100 000
sissy, -2.31, -1.6, -0.27, -3.14, -2.14, -1.03, 11 100000000 000
sister, 2.08, -0.19, 1.67, 2.12, 0.17, 1.92, 01 000000010 000
sister (elder), 2.29, 0.76, 1.75, 2.19, 1.28, 1.5, 01 000000010 000
sister (younger), 2.16, -0.53, 2.1, 2.2, -0.46, 2.01, 01 000000010 000
skeptic, -0.93, -0.82, -0.58, -1.1, -0.7, -0.7, 11 100110100 000
skilled worker, 0.61, 0.75, 0.44, 0.56, -0.05, 0.89, 11 010000000 000
slut, -2.4, -1.07, -1.82, -1.98, -1.06, -1.37, 01 000000001 001
smart-aleck, -1.89, -0.12, 0.44, -2.09, -0.35, 0.12, 11 100000000 000
sneak, -1.9, -0.86, -1.07, -2.44, -1.46, -1.3, 11 100000000 000
snob, -2.61, -0.89, -0.68, -2.7, -0.61, -0.98, 11 100000000 000
soccer player, 1.66, 1.49, 2.29, 1.51, 1.31, 2.14, 11 110010000 001
social outcast, -0.73, -1.83, -2.01, -0.59, -1.8, -1.64, 11 100000000 000
social worker, 1.66, 0.89, 1.81, 2.15, 1.83, 2.24, 11 001001000 000
socialite, 0.23, 0.99, 1.14, -0.02, 0.65, 1.09, 11 100000000 000
son, 2.53, 0.0, 2.33, 1.8, 0.75, 2.48, 10 000000010 000
sophisticate, -1.16, -0.06, -1.05, -1.48, -0.03, -1.1, 11 100000001 000
sorehead, -1.39, -1.13, -0.41, -1.78, -1.31, -0.39, 11 100000000 000
South Korean, 0.7, -0.29, 0.23, 0.34, -0.44, -0.46, 11 000100000 000
spoilsport, -1.75, -1.29, -1.34, -1.66, -1.04, -1.31, 11 100000000 000
spong, -0.3, -0.37, 0.51, -1.1, -0.85, 0.32, 11 100000000 000
sports fisherman, 1.24, 0.05, -0.57, 1.04, -0.3, -1.14, 10 100000000 000
spy, -0.71, 1.39, 0.74, -0.96, 1.17, 0.77, 11 000100000 000
star, 0.88, 0.84, 1.81, 0.65, -0.11, 1.97, 11 010010000 000
statesman, -0.39, 1.23, 0.31, -0.25, 1.46, 0.53, 11 000100000 000
statistician, 0.8, 0.59, -0.26, 0.48, 0.6, -0.43, 11 010010000 000
steel worker, 1.2, 1.41, 0.94, 1.2, 1.27, 1.37, 10 010000000 000
stenographer, 0.82, -0.34, 0.43, 0.67, -0.55, 0.13, 11 011000000 000
stepchild, 0.19, -0.51, -0.03, -0.04, -0.5, 0.21, 11 000000010 000
stepfather, -0.87, 0.81, -0.79, -0.57, 0.23, -0.7, 10 000000010 000
stepmother, -0.62, 0.3, -0.44, -1.17, 0.12, -0.5, 01 000000010 000
stock exchanger, -0.05, -1.02, 1.02, 0.36, -0.14, 1.41, 11 010000000 000
stockbroker, 0.56, 1.23, 1.11, 0.77, 1.41, 1.35, 11 010000000 000
stockholder, 0.64, 1.52, 0.47, 1.03, 1.73, 0.71, 11 010000000 000
stone cutter, 1.14, 1.33, -0.25, 0.76, 1.1, 0.17, 11 010000000 000
stranger, 0.35, -0.14, -0.58, 0.22, -0.1, -0.36, 11 100000000 000
street cleaner, 1.75, 0.06, -0.9, 1.44, 0.36, 0.24, 11 010000000 000
street musician, 0.96, -0.91, 0.73, 1.07, -0.87, 1.4, 11 010000000 000
student, 1.91, 0.47, 2.16, 1.8, -0.22, 2.13, 11 000010000 000
student returnee, 1.44, 0.81, 1.55, 1.06, 0.33, 1.48, 11 000010000 000
subordinate, 0.65, -0.52, 0.55, 0.74, -0.68, 0.69, 11 011111100 000
subversive, -1.76, 0.76, 0.89, -2.03, 0.59, 0.39, 11 000100000 000
superior, 0.21, 1.58, -0.24, 0.0, 1.48, -0.38, 11 011111100 000
superstar, 1.17, 1.39, 1.75, 0.84, 0.65, 2.03, 11 010000000 000
supervisor, 0.7, 1.56, 0.89, 0.39, 1.44, 0.7, 11 011111100 000
supreme court justice, 1.09, 1.81, -0.8, 0.94, 2.09, -0.56, 11 001000000 000
surgeon, 1.16, 1.36, 0.23, 1.31, 1.55, 0.52, 11 000001000 001
suspect, -1.19, -0.74, -0.86, -1.11, -0.43, -0.83, 11 001000000 000
sweetheart, 3.17, 0.66, 2.71, 2.41, 2.57, 2.52, 11 100000001 000
tax collector, -0.46, 0.84, -0.93, -0.04, 0.59, 0.04, 11 010100000 000
taxi driver, 0.8, 0.0, 0.56, 0.94, 0.1, 1.17, 11 010000000 000
teacher, 1.48, 0.74, 0.46, 1.41, 0.84, 0.53, 11 000010000 000
teacher of deaf, 2.19, 0.79, 1.16, 2.13, 1.06, 1.33, 11 000010000 000
teammate, 2.07, 1.49, 1.86, 1.91, 1.2, 1.8, 11 011111000 001
tease, -2.14, -0.81, 0.87, -2.39, -0.19, 0.8, 11 100000001 000
technician, 1.27, 0.42, 0.34, 1.3, 0.67, 0.89, 11 010001000 000
teenager, 1.46, 0.23, 2.37, 1.73, -0.32, 2.41, 11 100000000 000
telephone operator, 0.99, -0.52, 1.04, 0.86, -0.76, 0.63, 11 010000000 000
temporary worker, 0.03, -0.51, 0.06, 0.45, -0.74, 0.38, 11 010000000 000
textile worker, 1.08, -0.51, 0.19, 0.71, -0.72, 0.3, 11 010000000 000
thief, -2.43, -1.14, -0.36, -2.86, -1.14, 0.33, 11 011000000 000
thug, -2.51, 0.91, -0.91, -2.56, 0.72, -0.49, 11 101100000 001
Tibetan, 0.59, 0.79, -0.29, 0.98, 0.96, 0.68, 11 000100000 000
topless dancer, -0.58, -1.23, 1.26, -1.79, -1.61, 0.99, 01 010000001 000
tourist, 0.97, 0.26, 2.01, 1.73, 0.91, 2.33, 11 110000000 000
trainee, 0.71, -0.28, 0.47, 0.79, -0.57, 0.57, 11 011111100 000
traitor, -0.37, 0.65, 0.53, -0.5, 0.35, 0.3, 11 101100000 000
trespasser, -1.86, 0.43, -0.15, -2.19, 1.2, -0.5, 11 011000000 000
tutor, 1.27, 0.25, 0.8, 1.2, -0.63, 1.13, 11 000010000 000
tv repairman, 0.85, 0.48, 0.03, 1.03, 0.11, 0.58, 11 010000000 000
tyrant, -2.43, 1.38, -0.39, -2.54, 1.69, -0.55, 11 000100000 000
uncle, 1.44, 0.86, 0.19, 1.38, 1.03, 0.54, 10 000000010 000
unemployed person, -0.44, -1.23, -1.33, -0.27, -1.62, -1.16, 11 010000000 000
union member, 0.58, 0.35, 0.48, 0.63, 0.36, 1.25, 11 010000000 000
university instructor, 1.32, 1.09, 1.49, 1.31, 0.78, 0.49, 11 000010000 000
university president, 0.86, 1.48, -0.42, 0.88, 1.07, 0.06, 11 000010000 000
upstart, -1.21, 0.52, 0.71, -1.38, 0.56, 1.1, 11 100000000 000
vagrant, -0.37, -0.93, 0.06, 0.0, -1.03, -0.33, 11 110000000 000
victim, 0.61, -1.89, -1.07, 0.23, -1.8, -1.65, 11 101000001 000
vigilante, 0.57, 1.09, 0.52, 0.73, 0.64, 0.97, 11 001000000 001
villain, -2.71, 0.41, -0.43, -3.04, 0.52, -0.65, 11 111100100 000
villainess, -2.03, -0.04, 0.57, -2.44, 0.41, 0.68, 01 111100100 000
virgin, 2.53, -0.17, 0.94, 1.72, -0.32, 1.03, 01 000000001 000
wage earner, 0.36, -0.29, 0.13, 0.72, -0.44, -0.31, 11 010000000 000
waiter, 0.97, -0.63, 0.88, 0.57, -0.97, 1.08, 11 010000000 000
welder, 0.81, 0.44, 0.19, 0.87, 0.13, 0.56, 11 010000000 000
white-collar worker, 1.8, 1.03, 0.67, 1.64, 1.26, 0.43, 11 010000000 000
whiz kid, 1.55, 0.46, 0.76, 1.29, 0.26, 1.42, 11 000010000 000
wholesaler, -0.06, 0.09, 0.18, 0.1, 0.08, 0.49, 11 010000000 000
widow, 0.36, -1.07, -1.27, 0.01, -1.05, -1.04, 01 000000010 000
widower, -0.04, -0.07, -1.16, -0.32, -0.4, -1.11, 10 000000010 000
wife, 2.59, -0.01, 1.81, 2.26, 0.28, 1.35, 01 000000011 001
winner, 1.99, 1.8, 1.88, 1.84, 1.77, 2.13, 11 100100000 000
wino, -1.76, -0.82, -0.75, -2.36, -0.71, -0.32, 11 100000000 000
witch, -1.79, 0.1, -1.01, -2.22, -0.43, -1.11, 01 100000000 000
witness, 0.98, 0.64, -0.22, 0.59, 0.24, -0.19, 11 001000000 000
woman, 0.99, -0.2, 0.65, 1.34, -0.35, 0.76, 01 100000001 000
wretch, 0.23, -1.4, -1.31, -0.23, -2.1, -1.61, 11 100000000 000
writer, 0.68, 0.34, -0.24, 1.19, 0.92, 0.16, 11 110010000 100
youngster, 2.1, 1.56, 2.39, 2.41, 1.73, 2.7, 11 100000010 000
zombie, -0.71, 0.25, -0.71, -0.79, 0.43, -0.84, 11 100000000 000

