abortionist, -1.16, 0.24, -0.06, -1.1, 1.62, -0.46, 11 000001001 011
adolescent, 0.65, -0.33, 1.17, 0.63, -0.56, 2.11, 11 100000010 000
adult, 1.35, 1.76, 0.04, 1.36, 2.04, 0.61, 11 100000010 000
adulterer, -1.84, -0.59, -0.57, -2.85, -0.28, 0.05, 10 000000011 001
adulteress, -2.03, -0.84, -0.61, -2.53, -0.69, 0.53, 01 000000011 001
advisor, 1.31, 1.2, 0.18, 1.92, 1.39, 0.46, 11 110110000 000
Afro-American, 0.98, 0.33, 0.56, 2.23, 1.06, 1.32, 11 100100000 100
agnostic, -0.33, -0.32, 0.06, 0.31, 0.11, -0.08, 11 000000100 000
aide, 1.58, 0.59, 0.41, 2.1, 0.91, 0.64, 11 011110000 000
Air Force enlistee, 1.28, 0.69, 0.59, 1.64, 1.52, 1.15, 11 000100000 001
Air Force officer, 1.36, 1.74, 1.66, 1.83, 2.15, 1.63, 11 000100000 001
Air Force reservist, 1.66, 1.07, 0.96, 1.69, 1.6, 1.31, 11 000100000 001
alcoholic, -2.03, -1.99, -0.09, -2.46, -1.46, 0.34, 11 100001000 000
alumnus, 1.17, 1.12, -0.03, 1.62, 1.19, 0.41, 11 000010000 000
anti-Semite, -1.72, -0.47, 0.69, -2.55, -0.67, 0.89, 11 100100100 000
applicant, 1.0, -0.37, -0.03, 1.08, -0.69, -0.08, 11 010010000 000
apprentice, 1.45, -0.45, 0.37, 0.88, 0.0, 0.11, 11 010000000 000
Army enlistee, 1.39, 0.88, 0.96, 1.46, 1.27, 1.4, 11 000100000 001
Army officer, 0.72, 1.87, 1.41, 1.69, 2.93, 1.83, 11 000100000 001
Army reservist, 2.13, 2.04, 1.64, 1.69, 1.93, 1.19, 11 000100000 001
Asian-American, 0.92, 0.18, 0.38, 1.18, -0.27, -0.23, 11 100100000 000
assistant, 1.5, 0.51, 0.45, 1.78, 0.16, 0.72, 11 110001000 000
atheist, -0.51, -0.3, -0.45, -1.18, -0.67, -0.32, 11 000000100 000
athlete, 1.57, 1.66, 2.04, 2.72, 2.71, 2.8, 11 010010000 001
attorney, 0.66, 1.6, 0.94, 0.3, 2.45, 1.92, 11 001000000 000
aunt, 1.76, 0.46, 0.29, 2.08, 1.1, 0.68, 01 000000010 000
authority, 0.77, 1.97, 1.03, 0.71, 2.23, 0.96, 11 011111100 000
baby sitter, 1.01, 0.8, 0.11, 2.12, 1.41, 0.94, 11 000000010 011
baby, 1.63, -1.64, 0.3, 2.57, -0.68, 1.57, 11 100001010 001
bachelor, 1.01, 0.97, 1.74, 1.17, 1.24, 1.99, 10 000000011 000
baldy, -0.55, -0.01, -0.67, -0.16, -0.16, -0.77, 10 100000000 100
battered woman, -2.05, -1.47, -1.27, -1.98, -2.74, -2.24, 01 101000010 001
beginner, 0.75, -0.78, -0.28, 0.91, -1.23, -0.98, 11 100000000 000
best friend, 3.2, 2.34, 1.73, 3.7, 2.57, 2.26, 11 100000000 000
best man, 2.02, 1.45, 1.4, 2.49, 1.63, 1.75, 10 000000010 000
big brother, 1.6, 1.65, 1.14, 1.89, 2.03, 1.6, 10 000000010 000
big shot, -0.04, 1.42, 1.55, -0.62, 1.31, 2.51, 11 100000000 000
big sister, 1.17, 0.87, 0.98, 2.41, 1.51, 1.14, 01 000000010 000
bisexual, -0.81, -0.2, 0.37, 0.32, 0.26, 0.38, 11 000000001 001
blind date, 0.69, 0.19, 0.77, 0.11, 0.16, -0.02, 11 000000001 001
blonde, 0.95, -0.04, 1.14, 1.38, 0.32, 1.14, 01 100000001 000
bootlicker, -1.53, -1.56, -0.01, -1.39, -0.49, -0.04, 11 110100000 000
boozer, -1.16, -0.91, 0.54, -1.52, -1.33, 1.37, 11 100000000 100
bore, -1.26, -0.95, -1.63, -1.73, -1.14, -1.8, 11 100000000 000
Born-Again Christian, 1.66, 1.38, 1.09, 0.06, 0.18, 0.69, 11 000000100 100
boss, 0.48, 2.16, 0.94, 0.39, 2.02, 0.7, 11 010000000 000
bouncer, 0.89, 2.17, 0.64, 0.61, 2.64, 1.72, 10 010000000 001
boy, 0.95, 0.89, 1.69, 1.33, 1.2, 1.85, 10 100000010 000
boyfriend, 0.71, 1.25, 0.81, 2.73, 1.49, 1.34, 10 000000001 001
brat, -2.42, -0.93, 1.6, -2.02, -0.39, 1.67, 11 100000010 000
bride, 1.82, 1.1, 0.95, 3.04, 1.69, 1.92, 01 000000010 001
bridegroom, 1.31, 0.78, 0.03, 1.78, 0.99, 1.05, 10 000000010 001
bridesmaid, 2.11, 0.24, 0.69, 2.05, 0.38, 0.73, 01 000000010 000
brother-in-law, 1.15, 0.35, 0.24, 1.41, 0.44, 0.7, 10 000000010 000
brother, 1.86, 1.82, 1.5, 1.94, 1.72, 1.55, 10 000000010 000
brunette, 1.2, 0.41, 0.31, 1.5, 1.24, 0.86, 01 100000001 000
brute, -1.01, 1.17, 0.52, -0.94, 1.15, 1.36, 10 100000000 001
buddy, 2.28, 1.61, 1.65, 2.91, 1.91, 1.58, 11 100000000 000
bully, -2.61, 1.17, 1.38, -2.86, 1.16, 1.6, 11 100000000 001
bum, -0.79, -1.71, -1.35, -1.07, -2.28, -1.75, 11 100000000 000
bureaucrat, -0.54, 0.11, 0.22, -0.42, 1.47, 0.68, 11 011101000 000
businessman, 1.5, 2.0, 1.66, 1.37, 1.96, 1.63, 10 010000000 000
businesswoman, 1.23, 0.95, 0.77, 2.46, 2.25, 2.02, 01 010000000 000
call girl, -0.26, -0.76, 1.66, -1.85, -1.68, 1.97, 01 000000001 001
capitalist, 0.75, 1.3, 1.19, 0.09, 1.51, 1.38, 11 010000000 000
Catholic, 0.53, 0.37, 0.43, 1.69, 1.4, 0.42, 11 000000100 000
celebrity, 0.24, 2.0, 1.71, 0.98, 2.31, 2.25, 11 110000000 000
chain-smoker, -2.11, -1.72, -0.68, -2.28, -1.15, -0.09, 11 100000000 100
champion, 2.47, 2.52, 2.23, 2.28, 2.91, 2.66, 11 100010000 001
chatterbox, -1.06, -0.04, 1.73, -0.29, 0.43, 2.22, 11 100000000 000
child molester, -3.57, -1.42, -2.14, -4.15, -0.88, -1.07, 11 001000011 001
child, 1.45, -0.76, 2.1, 2.08, -0.64, 1.94, 11 100000010 000
chum, -0.05, 0.22, 0.38, 1.09, 0.9, 0.83, 11 100000000 000
citizen, 1.39, 0.52, 0.41, 1.46, 0.82, 0.43, 11 000100000 000
classmate, 1.52, 0.55, 0.77, 1.56, 0.43, 0.56, 11 000010000 000
clergyman, 1.53, 1.61, 0.13, 1.64, 1.37, -0.49, 11 000000100 000
client, 1.3, 0.89, 1.3, 1.29, 0.7, 0.52, 11 011000000 000
clock watcher, -0.15, -1.15, -1.52, -0.34, -0.76, -1.88, 11 010010000 100
co-worker, 0.62, 0.13, 0.54, 1.29, 0.69, 0.58, 11 010000000 000
coach, 1.82, 1.93, 1.19, 1.79, 2.37, 2.12, 11 010010000 001
coed, 1.75, 0.87, 1.15, 1.78, 0.97, 1.66, 01 000010000 000
colleague, 1.75, 1.17, 0.59, 1.72, 1.28, 0.76, 11 000011000 000
companion, 2.75, 1.92, 1.37, 2.81, 2.03, 1.39, 11 100000000 000
competitor, 1.26, 1.66, 1.57, 0.69, 1.65, 1.78, 11 110110000 000
computer expert, 1.36, 1.05, -0.13, 1.55, 1.49, -0.26, 11 110011000 100
confidant, 1.35, 1.44, 0.49, 2.94, 2.46, 0.15, 11 100000000 000
conservative, -0.14, 0.45, -0.74, 0.39, 0.7, -0.58, 11 000100000 000
consultant, 0.83, 1.0, 0.65, 1.29, 1.21, 0.18, 11 011111000 000
convalescent, 0.3, 0.09, -0.03, -0.15, -1.0, -0.95, 11 000001000 100
cop, 0.64, 1.74, 0.49, 0.4, 2.2, 1.58, 11 001000000 001
cousin, 1.66, 0.57, 0.74, 1.94, 0.32, 0.69, 11 000000010 000
criminal, -2.37, -0.77, 0.76, -2.96, -0.08, 0.78, 11 001000000 000
critic, -0.38, 0.64, 1.58, -0.63, 1.17, 1.31, 11 100110000 000
crook, -2.8, -0.72, -0.31, -3.29, -0.08, -0.27, 11 011000000 000
customer, 1.45, 1.47, 0.94, 1.97, 0.87, 1.12, 11 010000000 000
date, 2.86, 1.6, 1.56, 2.64, 1.87, 1.48, 11 000000001 000
daughter-in-law, 1.4, -0.18, 0.38, 0.93, 0.12, 0.15, 01 000000010 000
daughter, 1.47, -0.04, 1.11, 2.73, 1.13, 1.28, 01 000000010 000
deadbeat dad, -2.48, -1.81, -1.9, -3.3, -2.16, -2.39, 10 001000010 000
defendant, -0.22, -0.83, -0.46, -0.03, -0.3, -0.04, 11 001000000 000
defense attorney, 1.17, 1.73, 1.37, 0.63, 1.74, 1.35, 11 001000000 000
delinquent, -1.81, -0.78, 0.41, -1.86, -0.46, 0.91, 11 001000000 000
demagogue, -0.35, 0.83, 0.38, -0.64, 0.42, 0.17, 11 000100000 000
detective, 0.91, 1.61, -0.3, 1.51, 1.49, 0.63, 11 001000000 001
devil worshiper, -1.59, -1.64, -0.31, -2.95, -1.53, -0.17, 11 000000100 100
devil, -3.12, 1.25, 0.72, -2.89, 1.83, 1.42, 11 100000100 000
disciplinarian, 0.29, 1.26, 0.74, 0.07, 2.22, 1.13, 11 000010110 001
district attorney, 0.28, 1.2, 0.47, 1.47, 2.29, 1.78, 11 001000000 000
divorce lawyer, -0.64, 1.07, 0.79, -0.55, 2.13, 1.34, 11 001000010 000
divorcé, -1.68, 0.52, -0.27, -1.78, 0.07, 0.09, 10 000000010 000
divorcée, -0.23, -0.52, 0.2, -1.16, -0.38, -0.23, 01 000000010 000
do-nothing, -1.9, -2.03, -2.14, -1.88, -2.22, -2.08, 11 110000000 000
doctor, 1.9, 0.69, 0.05, 2.56, 2.32, 1.13, 11 000001000 101
dropout, -1.69, -1.76, -1.5, -2.13, -2.64, -1.95, 11 000010000 000
drunk, -0.37, -0.88, 0.65, -1.4, -1.8, 0.92, 11 100000000 000
dummy, -1.05, -1.62, -1.17, -0.44, -1.61, -1.58, 11 100000000 000
dyke, 0.28, 0.96, 0.43, 0.08, 0.05, 0.4, 01 000000001 101
egghead, 0.07, -0.66, -0.87, -0.46, -0.02, -0.36, 11 000010000 000
elder, 1.59, 0.79, -0.88, 1.67, 0.01, -1.03, 11 100000100 100
employee, 1.16, 0.48, 0.66, 1.88, 0.05, 0.84, 11 010000000 000
employer, 1.26, 1.94, 1.09, 1.48, 1.93, 0.74, 11 010000000 000
enemy, -2.11, 0.75, 0.19, -2.47, 0.55, 0.92, 11 100100000 001
entrepreneur, 1.18, 1.88, 1.68, 1.69, 1.75, 1.87, 11 010000000 000
evangelist, 0.11, 0.6, 1.15, 0.65, 0.34, 0.73, 11 000000100 000
ex-boyfriend, -0.9, -0.53, -0.07, -1.24, -1.19, -0.31, 10 000000001 000
ex-girlfriend, -0.59, -0.58, 0.53, -1.47, 0.01, 0.39, 01 000000001 000
ex-husband, -1.46, -1.05, -0.98, -1.13, 0.25, -0.18, 10 000000011 000
ex-wife, -1.74, 0.13, -0.34, -0.71, 0.42, 0.65, 01 000000011 000
executioner, -2.03, 1.86, -0.73, -2.33, 2.43, -0.89, 11 001000000 001
executive, 1.26, 1.93, 1.44, 1.38, 2.75, 1.62, 11 010000000 000
extrovert, 0.6, 1.01, 2.14, 1.53, 1.48, 2.71, 11 100000000 000
failure, -1.35, -0.12, -0.42, -1.94, -1.54, -1.3, 11 110110000 100
family man, 2.36, 1.82, 0.62, 2.94, 2.13, 0.87, 10 000000010 100
fanatic, 0.1, 0.36, 1.62, 0.31, 0.22, 2.4, 11 100100000 000
father in law, 0.84, 1.19, 0.3, 1.03, 1.22, 0.53, 10 000000010 000
father, 2.46, 2.54, 0.76, 2.95, 2.88, 1.53, 10 000000010 001
FBI agent, 1.51, 2.38, 0.51, 1.71, 2.47, 1.23, 11 001000000 001
felon, -2.32, -0.67, 0.33, -3.05, -0.03, 0.74, 11 001000000 001
female, 1.6, 0.22, 0.42, 2.57, 0.99, 0.71, 01 100000001 000
feminist, -0.96, 0.18, 1.43, 0.61, 1.23, 1.77, 11 000100000 000
fiancé, 2.75, 1.97, 1.39, 2.66, 1.93, 1.48, 10 000000010 001
fiancée, 1.93, 0.98, 0.77, 2.82, 1.96, 1.33, 01 000000010 001
firstborn, 1.92, 1.49, 1.48, 1.83, 1.77, 1.33, 11 000000010 000
flight attendant, 0.92, -0.93, 0.57, 1.79, 0.53, 0.62, 11 010000000 000
flirt, 1.35, 1.32, 1.77, 0.55, 1.04, 1.67, 11 000000001 000
flunky, -1.38, -1.28, -1.35, -1.5, -1.44, -0.69, 11 110100000 000
foe, -1.68, 0.28, -0.0, -1.52, 0.19, 0.07, 11 111100000 000
follower, -1.06, -1.74, -1.82, -0.42, -1.52, -1.77, 11 100100100 000
foreman, 0.68, 1.19, 1.12, 0.28, 1.53, 0.81, 11 010000000 000
foster child, 0.08, -0.94, -0.43, 1.0, -0.94, -0.31, 11 000000010 001
foster father, 0.99, 1.23, 0.27, 1.8, 1.4, 0.51, 10 000000010 000
foster mother, 0.9, 0.49, -0.51, 2.58, 1.66, 0.93, 01 000000010 000
freeloader, -1.44, -1.73, -0.47, -2.34, -1.13, -0.27, 11 110100000 100
friend, 2.75, 1.88, 1.38, 3.51, 2.51, 1.96, 11 100000000 000
gangster, -1.46, 0.78, 1.07, -1.98, 1.49, 1.67, 10 011000000 000
gay, -0.01, -0.1, -0.15, 0.53, 0.18, 0.88, 11 000000001 000
genius, 2.05, 2.12, -0.07, 2.0, 1.84, -0.16, 11 000010000 000
gentleman, 2.52, 1.33, -0.15, 3.11, 2.09, 0.81, 10 100000000 000
gigolo, -0.7, -0.37, 0.72, -1.73, 0.22, 1.44, 10 010000001 001
girl Friday, 1.94, 1.71, 1.81, 1.35, 1.22, 1.77, 01 011100000 000
girl, 1.96, 0.67, 0.99, 2.5, 0.99, 1.08, 01 100000001 000
girlfriend, 2.42, 1.88, 1.3, 2.49, 1.36, 1.24, 01 000000001 001
God, 2.57, 2.9, 0.91, 3.28, 3.67, 1.21, 11 000000100 000
goof-off, -0.93, -1.37, 0.82, -0.27, -0.21, 2.07, 11 100010000 000
gossip, -1.55, -0.01, 1.06, -1.82, 0.42, 1.09, 11 100000000 000
graduate student, 1.4, 0.94, 0.26, 1.49, 1.46, 0.7, 11 000010000 000
grandchild, 1.23, 0.48, 1.14, 2.49, -0.09, 1.26, 11 000000010 001
granddaughter, 1.94, 0.34, 0.97, 2.46, 0.7, 0.73, 01 000000010 001
grandfather, 2.0, 1.18, -0.05, 2.92, 1.95, -0.34, 10 000000010 001
grandmother, 2.64, 0.7, 0.07, 3.39, 1.61, -0.47, 01 000000010 001
grandparent, 2.73, 1.46, -0.91, 2.96, 1.76, -0.71, 11 000000010 001
grandson, 1.85, 0.35, 0.95, 2.22, -0.28, 1.88, 10 000000010 001
great grandfather, 2.5, 1.6, -0.73, 3.11, 1.75, -1.17, 10 000000010 000
great grandmother, 2.05, 0.7, -1.11, 2.95, 0.44, -0.96, 01 000000010 000
grind, -0.28, 0.11, 0.66, -0.49, 0.41, 0.66, 11 000010000 000
grouch, -1.19, -0.58, -0.83, -2.48, -0.96, -0.64, 11 100000000 000
grownup, 1.42, 1.96, 0.8, 1.54, 1.66, 0.27, 11 000000010 000
guest, 1.07, -0.04, 0.22, 1.82, -0.04, -0.03, 11 100000010 000
gun moll, -0.29, 0.11, 0.42, -1.09, 0.37, 0.41, 01 001000000 001
gunman, -2.25, 1.38, 0.75, -2.84, 1.7, 1.36, 10 001000000 001
guy, 1.27, 1.41, 0.79, 1.14, 1.98, 1.61, 10 100000000 000
gynecologist, 0.63, 0.89, -0.78, 1.01, 1.22, -0.28, 11 000001001 101
half-wit, -0.77, -0.97, -0.6, -0.88, -1.21, -0.78, 11 100000000 000
half brother, 0.01, 0.04, 0.63, 1.01, 0.21, 0.49, 10 000000010 000
half sister, 0.94, 0.3, 0.44, 0.84, 0.28, 0.26, 01 000000010 000
handicapped person, 0.4, -0.49, -1.08, 1.17, -0.06, -0.78, 11 001001000 000
handyman, 1.48, 0.95, 0.45, 2.08, 1.26, 0.68, 10 110000000 000
has-been, -1.19, -1.76, -1.5, -0.62, -1.49, -1.06, 11 010110000 000
hatemonger, -1.85, -0.45, 0.34, -2.13, -0.17, 0.27, 11 100100100 000
head nurse, 1.13, 0.89, 0.5, 2.2, 2.0, 2.15, 11 000001000 001
healer, 2.54, 2.47, 0.14, 2.77, 2.71, 0.4, 11 000001100 101
helper, 2.47, 1.4, 0.44, 2.8, 1.84, 0.76, 11 110111000 000
hero, 2.63, 2.31, 2.1, 3.04, 2.85, 2.34, 10 100000000 000
heroine, 1.85, 2.13, 1.52, 2.61, 2.55, 1.87, 01 100000000 000
heterosexual, 1.67, 1.18, 0.57, 1.57, 1.27, 0.84, 11 000000001 000
Hispanic-American, 0.79, 0.05, 0.6, 1.94, 0.57, 0.7, 11 100100000 000
hombre, 0.65, 0.26, 0.21, 1.03, 1.29, 0.86, 10 100000000 000
homemaker, 0.95, 0.29, -0.11, 1.69, 0.33, 0.11, 11 000000010 000
homosexual, 0.06, -0.29, 0.81, 0.95, 0.1, 0.54, 11 000000001 000
honeymooner, 2.26, 1.08, 1.84, 2.4, 0.98, 1.47, 11 000000001 000
hoodlum, -2.04, -0.33, 0.81, -2.02, -0.63, 0.85, 10 001000000 000
hooker, -1.7, -1.54, 0.58, -2.16, -0.91, 1.56, 01 011000001 001
host, 1.62, 1.35, 1.24, 2.57, 1.65, 1.48, 10 100000000 000
hostess, 1.45, 0.66, 1.21, 1.74, 1.13, 1.42, 01 100000000 000
hothead, -1.5, -0.24, 1.67, -1.97, 0.33, 2.29, 11 100000000 000
hotshot, -0.61, 0.24, 1.69, -0.94, 0.58, 1.88, 11 100000000 000
house husband, 0.44, -0.4, -0.42, 1.5, 0.47, 0.58, 10 000000011 000
houseguest, 1.63, 0.21, 0.49, 1.63, 0.0, 0.72, 11 000000010 000
housewife, 1.26, 0.5, 0.22, 1.6, 0.29, 0.52, 01 000000010 000
hunk, 0.78, 0.98, 0.38, 2.0, 1.64, 1.52, 10 100000001 000
husband, 1.74, 1.41, 1.13, 2.8, 1.79, 1.17, 10 000000011 001
hussy, -0.56, 0.08, 0.31, -1.97, -0.82, 0.81, 01 000000001 001
idiot, -1.07, -1.47, -0.81, -1.88, -1.46, -0.33, 11 100000000 000
ignoramus, -1.19, -1.6, -1.02, -1.35, -0.98, -0.61, 11 100010000 000
illegitimate child, -0.6, -0.35, 0.48, -0.88, -0.92, -0.16, 11 000000010 000
infant, 2.23, -1.46, 0.57, 2.67, -1.74, 1.4, 11 000001010 001
informer, 0.62, 0.92, -0.12, 0.55, 1.14, 0.06, 11 001000000 000
innocent, 1.92, -0.42, -0.66, 2.22, 0.27, -0.79, 11 100000000 000
insider, -0.13, 0.97, 0.2, 0.25, 1.52, -0.13, 11 010100000 000
instructor, 1.76, 1.31, 1.33, 1.84, 1.71, 0.8, 11 000010000 000
intern, 1.31, -0.82, 0.56, 1.89, -0.48, 0.29, 11 000001000 001
interviewee, 0.93, -0.38, -0.08, 0.85, -0.48, -0.01, 11 010100000 000
interviewer, 0.53, 1.64, 0.53, 0.9, 1.67, 0.8, 11 010100000 000
intimate, 1.81, 1.42, 0.75, 1.91, 1.79, 0.48, 11 000000001 001
introvert, 0.24, -1.07, -0.92, 0.22, -1.5, -2.29, 11 100000000 000
invalid, -1.09, -1.36, -1.57, -1.15, -1.66, -1.32, 11 000001000 001
jerk, -1.99, -1.05, 0.65, -2.92, 0.36, 1.85, 11 100000000 000
Jew, 1.2, 0.82, 0.09, 1.46, 0.47, 0.75, 11 000000100 000
jock, 0.37, 1.04, 1.66, 0.57, 1.12, 1.57, 11 000010000 000
judge, 0.67, 1.6, -0.31, 1.32, 2.86, -0.25, 11 001000000 000
juror, 0.66, 1.3, 0.06, 0.96, 2.45, -0.41, 11 001000000 001
kid, 1.08, -0.06, 1.87, 2.43, -0.73, 2.53, 11 100000000 000
klutz, -0.41, -1.22, 0.04, -0.75, -1.13, 1.18, 11 100000000 000
know-it-all, -0.97, -0.27, 0.96, -1.48, 0.35, 1.71, 11 100000000 000
laborer, 1.23, 0.39, 0.21, 1.07, 0.35, 0.6, 11 010000000 000
lackey, -0.45, -1.17, -0.57, -0.71, -1.15, -0.13, 11 110100100 000
lady-killer, -2.11, 1.06, 0.77, -2.79, 0.81, 0.3, 10 000000001 000
lady, 2.55, 1.11, 0.97, 2.56, 1.37, 0.7, 01 100000000 000
lawyer, 0.52, 1.06, 0.8, 0.97, 1.96, 1.78, 11 001000000 000
leader, 2.17, 3.01, 2.16, 1.96, 2.43, 2.25, 11 110100100 000
lecher, -0.64, 0.0, -0.38, -1.55, -0.53, 0.14, 10 000000001 000
lecturer, 0.41, 0.96, 0.31, 0.76, 1.19, -0.29, 11 000010000 000
lesbian, 0.35, 0.11, 0.9, -0.05, 0.1, 0.42, 01 000000001 000
liar, -2.62, -1.34, -0.17, -2.5, 0.01, 0.79, 11 100000000 000
liberal, 1.1, 0.51, 0.65, 1.02, 0.83, 0.82, 11 000100000 000
librarian, 1.07, -0.7, -1.79, 1.65, -0.28, -1.74, 11 000010000 000
little brother, 1.1, -0.4, 1.39, 2.03, -0.43, 2.37, 10 000000010 000
little sister, 1.35, -0.25, 1.29, 1.78, -0.2, 1.37, 01 000000010 000
loafer, -1.52, -1.53, -2.11, -1.15, -1.49, -1.84, 11 110000000 000
lobbyist, 0.31, 0.53, 1.18, 0.49, 1.29, 1.74, 11 000100000 000
loser, -1.8, -1.37, -1.63, -1.74, -1.97, -1.65, 11 100000000 000
loved one, 2.68, 2.33, 0.79, 3.75, 2.89, 1.86, 11 000000011 000
lunatic, -1.58, 0.2, 1.69, -1.87, -0.72, 1.58, 11 100001000 000
malcontent, -0.98, -0.28, 0.13, -1.66, -0.45, -0.78, 11 110010000 000
male, 1.63, 1.99, 1.43, 1.03, 1.34, 1.58, 10 100000001 000
malingerer, -1.17, -0.18, -0.42, -0.74, -0.39, -1.01, 11 110010000 000
mama's boy, 0.06, -1.16, -1.1, 0.73, -0.49, -0.7, 10 000000010 000
man, 0.82, 1.56, 0.86, 1.09, 1.96, 1.46, 10 100000001 000
manager, 0.98, 1.57, 1.34, 0.83, 2.26, 1.74, 11 010000000 000
manageress, 1.22, 1.23, 0.43, 1.44, 1.32, 1.59, 01 010000000 000
maniac, -1.62, 0.56, 1.27, -1.69, 0.5, 2.21, 11 100001000 001
Marine Corps enlistee, 1.77, 1.69, 2.03, 1.47, 1.4, 1.89, 11 000100000 001
Marine Corps officer, 1.36, 2.23, 1.2, 1.05, 2.36, 1.82, 11 000100000 001
Marine Corps reservist, 1.83, 1.35, 0.82, 1.77, 1.49, 0.9, 11 000100000 001
masochist, -2.18, -0.21, 0.42, -1.93, -0.33, -0.52, 11 000000001 100
matriarch, 0.71, 0.99, 0.69, 1.09, 1.36, 0.37, 01 000000010 000
mental case, -1.29, -1.0, 0.07, -1.26, -1.4, -0.16, 11 100001000 000
merchant, 1.04, 0.87, 1.0, 0.88, 0.8, 0.8, 11 010000000 000
millionaire, 1.65, 2.07, 1.32, 1.09, 2.89, 1.23, 11 010000000 000
minister, 1.1, 1.28, 0.4, 2.43, 1.75, -0.18, 11 000000100 000
miser, -0.4, -0.07, -0.5, -1.36, -0.7, -0.46, 11 100000000 000
mistress, -1.14, 0.28, 0.91, -2.15, -0.83, -0.06, 01 000000001 001
mobster, -1.23, 2.02, 1.21, -2.53, 2.16, 1.75, 10 011000000 000
moron, -1.55, -1.49, -0.55, -1.65, -2.33, -1.09, 11 100000000 000
mother-in-law, 0.58, 0.97, 0.58, 1.52, 0.94, 1.05, 01 000000010 000
mother, 2.48, 1.96, 1.15, 3.12, 2.98, 1.44, 01 000000010 001
mourner, -0.49, -1.25, -1.6, -1.21, -1.99, -2.53, 11 000000100 100
mouthpiece, 0.57, 0.35, -0.07, 0.76, 0.05, -0.42, 11 001000000 000
mugger, -2.68, -0.7, -0.49, -3.05, -0.33, 1.07, 10 001000000 001
murderer, -3.59, 1.72, 0.2, -3.67, 1.42, 0.81, 11 001000000 001
murderess, -1.91, 1.15, 0.25, -3.53, 0.29, 0.16, 01 001000000 000
nark, -1.47, -0.09, -0.23, -1.59, -0.19, 0.37, 11 001000000 000
Native-American, 1.03, -0.62, 0.07, 1.33, 0.39, 0.32, 11 000100000 000
Navy enlistee, 1.87, 1.81, 2.14, 1.9, 1.47, 1.76, 11 000100000 001
Navy officer, 0.86, 1.28, 1.31, 1.38, 1.77, 1.23, 11 000100000 001
Navy reservist, 1.26, 0.81, 1.22, 1.73, 1.83, 0.81, 11 000100000 001
negotiator, 1.9, 1.59, 0.83, 1.99, 2.14, 0.98, 11 010100000 000
neighbor, 1.19, 0.41, -0.12, 1.69, 0.3, 0.4, 11 100000000 000
nephew, 2.11, 0.49, 1.1, 1.92, 0.39, 1.52, 10 000000010 000
neurotic, -1.17, -0.88, 0.24, -1.27, -0.94, 1.79, 11 000001000 000
newlywed, 2.17, 1.64, 1.49, 2.81, 1.77, 1.97, 11 000000011 000
niece, 1.82, 0.07, 0.91, 2.63, 0.57, 1.4, 01 000000010 000
nobody, -1.01, -1.71, -1.89, -1.49, -2.33, -2.51, 11 100000000 000
nonsmoker, 1.67, 0.78, 0.4, 2.4, 1.55, 0.18, 11 100001000 000
novice, 0.3, -0.42, 0.07, 1.17, 0.1, -0.12, 11 010100100 000
nurse, 1.65, 0.93, 0.34, 2.86, 1.51, 0.2, 11 000001000 001
nut, 0.37, -0.56, 0.35, 0.33, -0.56, 0.85, 11 100000000 000
nymphomaniac, 1.02, 0.77, 1.8, -0.91, -0.3, 1.86, 01 000000001 001
office boy, 0.73, -1.45, -0.2, 1.23, -0.78, -0.1, 10 010100000 000
old-timer, 1.59, -0.47, -1.26, 1.43, -0.39, -1.7, 11 100000000 100
old geezer, 0.05, -0.82, -1.29, 0.18, -0.8, -1.7, 10 100000000 100
old maid, 0.68, -1.19, -1.71, 0.54, -1.15, -1.66, 01 000000010 000
opponent, -0.46, 0.24, 1.01, -0.54, 0.79, 1.32, 11 100100000 000
opportunist, 1.76, 1.63, 1.42, 1.78, 1.78, 1.71, 11 110100000 000
organizer, 1.89, 1.35, 0.98, 1.97, 2.06, 0.74, 11 110100100 000
orphan, -0.48, -0.75, -0.85, -0.26, -1.32, -0.71, 11 000000010 000
outlaw, -1.68, 0.68, 1.44, -1.95, 1.26, 1.96, 11 001000000 000
pagan, -0.76, -0.37, -0.51, -0.49, 0.09, -0.39, 11 000000100 000
pal, 2.73, 1.87, 1.75, 2.92, 1.86, 1.84, 11 100000000 000
paranoid, -1.89, -1.79, 0.66, -1.72, -1.2, -0.04, 11 100001000 000
parent, 2.53, 2.42, 1.36, 2.89, 2.73, 1.73, 11 000000010 001
parolee, -0.72, -0.1, -0.07, -0.58, -0.61, -0.44, 11 001000000 000
partner, 2.16, 1.64, 0.95, 2.51, 1.98, 1.12, 11 111000001 000
passerby, 0.29, -0.34, -0.74, 0.5, -0.48, -0.35, 11 100000000 000
pastor, 2.32, 1.89, -0.03, 2.75, 2.29, -0.29, 11 000000100 000
patient, 0.9, -0.69, -1.05, 1.06, -0.77, -0.89, 11 000001000 001
patriot, 1.59, 1.34, 1.27, 2.02, 1.95, 1.9, 11 000100000 000
patrolman, -0.16, 1.06, 0.5, 1.1, 1.77, 0.4, 11 001000000 001
pauper, -0.46, -1.39, -0.71, -0.33, -1.22, -0.99, 11 110000000 000
pedestrian, 0.1, -0.57, -0.38, 1.05, -1.02, -0.57, 11 100000000 000
pediatrician, 2.08, 1.38, 0.17, 2.99, 2.19, 1.01, 11 000001000 001
pessimist, -1.48, -1.51, -0.95, -2.13, -2.39, -1.11, 11 100000000 000
pest, -1.85, -0.59, 0.38, -2.17, -0.37, 1.28, 11 100000000 000
physician, 2.01, 1.67, -0.1, 2.48, 2.74, 1.49, 11 000001000 001
pickpocket, -2.58, -1.05, -0.04, -3.3, -0.07, 0.3, 11 001000000 000
pickup, 1.05, 1.13, 1.47, 0.58, 1.23, 1.54, 11 000000001 000
pimp, -0.68, 1.15, 1.41, -2.03, 1.83, 1.79, 10 011000001 000
plainclothesman, 0.29, -0.29, -0.48, 0.06, -0.12, -1.03, 11 001000000 000
playmate, 1.84, 0.93, 1.8, 2.5, 1.24, 1.82, 11 100000000 000
police officer, -0.3, 0.95, 0.62, 0.64, 1.85, 1.64, 11 001000000 001
politician, -0.9, 1.85, 1.8, 0.15, 2.22, 1.98, 11 000100000 000
pornographer, -0.54, 0.25, 0.68, -2.44, 0.17, 0.9, 11 010000001 000
practical nurse, 2.05, 1.34, 0.7, 3.05, 2.01, 1.17, 11 000001000 001
preacher, 1.93, 1.94, 0.42, 2.54, 2.23, 0.45, 11 000000100 000
priest, 1.54, 1.4, -0.86, 2.07, 1.69, -1.14, 10 000000100 000
priestess, 0.86, 1.27, -0.08, 1.55, 0.96, -0.26, 01 000000100 000
principal, 1.41, 2.15, 0.81, 1.29, 2.1, 0.69, 11 000010000 000
private eye, 0.1, 0.68, -1.0, 0.9, 1.81, 0.01, 11 001000000 001
probationer, -0.19, 0.17, 0.13, -0.5, 0.59, 0.17, 11 001000000 000
professor, 1.61, 1.58, 0.35, 1.82, 1.87, 0.52, 11 000010000 000
prosecuting attorney, 0.1, 1.39, 1.09, 0.35, 2.16, 1.51, 11 001000000 001
prostitute, -1.86, -2.02, 0.7, -2.72, -2.21, 1.59, 01 010000001 001
protégé, 1.71, 0.61, 0.38, 1.06, 0.55, 0.67, 11 010111100 000
Protestant, 0.93, 0.15, 0.37, 1.07, 0.42, 0.32, 11 000000100 000
protester, 0.45, 0.48, 1.8, 0.46, 0.96, 2.13, 11 000100000 000
psychiatrist, 0.81, 0.9, -1.0, 1.42, 1.85, -0.82, 11 000001000 000
psychopath, -2.0, -0.43, 0.53, -3.22, -0.2, 1.24, 11 001001000 000
psychotic, -1.64, -0.07, 1.04, -1.43, -0.89, 1.28, 11 000001000 000
public defender, 0.88, 0.81, 1.01, 1.33, 1.37, 1.55, 11 001000000 000
punk, -1.7, -0.86, 1.03, -0.71, -0.11, 0.98, 10 100000000 000
pupil, 1.19, 0.2, 0.46, 1.38, -0.9, -0.3, 11 000010000 000
purchaser, 0.99, 1.02, 0.86, 1.14, 1.59, 0.74, 11 010000000 000
quack, -1.32, -0.84, 0.45, -1.25, -0.38, 0.39, 11 000001000 000
queer, -0.85, -1.13, -0.05, -0.03, -0.01, 0.48, 11 000000001 000
questioner, 0.3, 0.36, 0.21, 0.49, 0.92, 0.02, 11 001111000 000
rabbi, 1.2, 0.66, -0.15, 1.49, 1.96, -0.27, 10 000000100 000
racist, -2.71, -0.44, 0.71, -3.57, -1.15, 1.27, 11 100100000 000
racketeer, -0.7, 1.13, 1.39, -0.83, 0.76, 1.08, 11 011000000 000
rapist, -4.05, -1.81, 0.09, -3.83, 1.37, 1.1, 10 001000001 001
receptionist, 1.0, 0.37, 0.16, 1.65, -0.18, 0.11, 11 011001000 000
redhead, 0.51, -0.28, 0.93, 0.48, 0.08, 0.78, 11 100000000 000
registered nurse, 2.12, 1.22, 0.73, 2.46, 1.71, 1.25, 11 000001000 001
relative, 1.18, 0.54, 0.18, 2.77, 1.46, 1.1, 11 000000010 000
retiree, 1.4, -0.25, -1.34, 1.21, -0.39, -1.65, 11 110000010 000
right-hand man, 1.27, 1.26, 0.83, 1.64, 0.74, 0.95, 10 010100000 000
right-winger, 0.16, 0.59, 1.1, -0.34, 0.66, -0.03, 11 000100000 000
rival, -0.16, 0.99, 1.5, -1.18, 0.62, 1.22, 11 100100001 000
robber, -2.9, 0.17, 0.41, -2.91, 0.53, -0.02, 11 011000000 000
role model, 2.47, 2.31, 1.57, 2.69, 2.72, 1.78, 11 110110110 000
roommate, 0.33, 0.76, 0.64, 1.96, 0.84, 1.2, 11 000010000 000
sadist, -1.92, -0.43, -0.06, -1.56, -0.49, -0.5, 11 000000001 001
saint, 2.81, 2.1, 0.68, 3.28, 2.66, -0.4, 11 000000100 000
salesclerk, 0.73, -0.07, 0.97, 0.76, -0.1, 0.41, 11 010000000 000
saleslady, 0.58, -0.16, 0.62, 1.05, 0.59, 1.2, 01 010000000 000
salesman, 0.07, 0.52, 1.98, -0.27, 0.48, 1.77, 10 010000000 000
Santa Claus, 2.15, 1.37, 1.59, 2.95, 1.96, 1.99, 10 000000010 000
sawbones, 0.19, 0.49, 0.41, -0.61, -0.47, -0.03, 11 000001000 001
schizophrenic, -1.41, -1.29, 0.76, -1.21, -1.13, 0.93, 11 000001000 001
scholar, 1.67, 1.52, 0.61, 2.13, 1.42, -0.2, 11 000010000 000
schoolboy, 0.79, -0.39, 0.63, 0.78, -0.77, 1.65, 10 000010000 000
schoolgirl, 1.69, -0.7, 0.85, 1.45, -0.8, 0.34, 01 000010000 000
schoolmate, 1.68, 0.71, 0.86, 1.69, 0.42, 0.73, 11 000010000 000
schoolteacher, 1.63, 1.25, 0.61, 2.73, 2.06, 1.24, 11 000010000 000
scientist, 1.32, 1.46, -0.56, 1.73, 1.93, -0.08, 11 010010000 000
scrooge, -2.15, -0.21, -0.54, -2.4, -0.13, -1.17, 11 110000000 000
secretary, 1.03, 0.01, -0.18, 1.34, -0.3, 0.14, 11 011100000 000
senior citizen, 1.16, -0.88, -1.75, 2.27, -0.31, -1.53, 11 100100000 000
serial murderer, -3.09, 1.16, -0.46, -3.67, 1.19, 0.09, 11 001000000 001
server, 1.4, 0.33, 1.33, 0.92, 0.18, 1.1, 11 010000000 000
sexist, -1.89, -0.23, 0.89, -3.18, -0.43, 0.97, 11 111110110 100
sheriff, 0.49, 1.36, 0.41, 1.41, 1.61, 0.99, 11 001000000 001
shop clerk, 0.69, -0.07, -0.38, 1.11, 0.35, 0.62, 11 010000000 000
shopkeeper, 1.04, 0.47, 0.0, 1.33, 0.84, 0.58, 11 010000000 000
shoplifter, -2.38, -1.35, -0.34, -2.74, -0.73, -0.2, 11 011000000 000
shopper, 1.21, 0.57, 0.58, 1.9, 1.34, 1.57, 11 010000000 100
shrink, 0.5, 0.6, -0.95, 1.3, 1.85, -0.41, 11 000001000 000
sibling, 1.37, 0.81, 1.13, 2.07, 1.57, 1.7, 11 000000010 000
sick person, -0.83, -1.83, -1.88, -1.21, -1.72, -2.03, 11 000001010 001
sinner, -1.68, -1.22, -0.44, -1.97, -0.81, 0.58, 11 000000100 000
sister-in-law, 0.93, 0.75, 0.8, 0.96, 0.71, 0.64, 01 000000010 000
sister, 2.01, 1.35, 1.32, 2.47, 1.55, 1.64, 01 000000010 000
skilled worker, 2.11, 1.81, 1.11, 2.34, 1.72, 1.39, 11 010000000 000
skirt chaser, -0.72, -0.16, 1.17, -2.28, -0.23, 1.57, 10 000000001 000
slut, -1.83, -1.02, 1.03, -2.45, -0.85, 1.55, 01 000000001 001
small businessman, 1.37, 0.3, 0.43, 1.86, -0.1, 0.22, 10 010000000 000
smoker, -2.0, -1.53, -1.14, -2.45, -2.05, -0.67, 11 100001000 100
son-in-law, 0.83, 0.26, 0.49, 1.43, 0.46, 0.91, 10 000000010 000
son, 2.12, 1.81, 1.89, 1.78, 1.51, 1.89, 10 000000010 000
soul mate, 3.33, 2.83, 1.45, 3.6, 2.89, 1.36, 11 000000011 000
spendthrift, -0.4, -0.05, -0.07, -0.0, 0.12, -0.05, 11 010000000 000
spinster, -0.38, -0.13, -0.15, -0.43, 0.11, 0.05, 01 000000010 000
spokesman, 1.12, 1.48, 1.6, 1.18, 1.38, 1.57, 10 010100000 000
spokeswoman, 1.28, 0.85, 0.84, 1.73, 1.91, 1.44, 01 010100000 000
sponger, 0.16, 0.2, -0.17, -0.8, 0.23, -0.62, 11 100000000 000
sports fan, 1.36, 0.97, 2.23, 1.6, 1.56, 2.42, 11 110010000 100
spouse, 1.93, 1.69, 0.75, 2.75, 1.9, 1.39, 11 000000011 000
state trooper, -0.03, 1.8, 0.19, 0.4, 2.86, 1.9, 11 001000000 001
steady, 0.66, 0.71, 0.65, 1.21, 1.71, 0.64, 11 000000001 000
stepbrother, 0.43, 0.23, 0.31, 0.74, 0.51, 0.46, 10 000000010 000
stepchild, 0.06, -0.55, -0.08, 0.86, 0.2, 0.41, 11 000000010 000
stepdaughter, 0.47, 0.06, -0.03, 1.5, 0.64, 0.88, 01 000000010 000
stepfather, 0.27, 0.65, 0.16, 0.83, 0.72, 0.36, 10 000000010 000
stepmother, -0.11, -0.07, 0.14, 0.41, 0.47, 0.34, 01 000000010 000
stepparent, 0.12, 0.09, 0.19, 0.64, 0.3, 0.12, 11 000000010 000
stepsister, 0.28, -0.1, 0.26, 0.65, 0.01, 1.23, 01 000000010 000
stepson, 0.78, 0.65, 0.86, 0.69, -0.35, 0.43, 10 000000010 000
stoolpigeon, -0.59, -0.56, -0.47, -0.31, -0.03, -0.84, 11 001000000 000
stranger, 0.02, -0.09, -0.23, -0.08, -0.25, -0.44, 11 100000000 000
strike breaker, 0.31, 0.54, 0.46, 0.61, 1.04, 1.36, 11 010000000 001
strike leader, 0.16, 1.17, 1.5, 0.63, 1.58, 2.31, 11 010000000 000
stud, 0.79, 1.33, 1.1, 1.23, 1.18, 1.45, 10 000000001 101
student teacher, 1.35, -0.06, 0.42, 1.61, 0.16, 0.33, 11 000010000 000
student, 1.49, 0.31, 0.75, 2.22, 1.12, 1.5, 11 000010000 000
stuffed shirt, 0.06, -0.33, 0.26, -0.8, -0.6, -0.25, 11 100000000 000
subordinate, -0.44, -1.61, -0.41, -0.12, -0.92, -0.57, 11 011100000 000
superior, 1.11, 2.07, 1.33, 1.02, 2.3, 1.3, 11 011100100 000
superordinate, 0.23, 0.62, 0.81, 0.82, 1.85, 1.08, 11 011100000 000
supervisor, 0.88, 1.88, 1.09, 0.91, 2.17, 1.45, 11 011111100 000
supporter, 2.25, 1.7, 0.77, 2.35, 2.2, 1.72, 11 000100100 000
surgeon, 3.02, 2.82, 0.99, 2.51, 2.81, 0.63, 11 000001000 001
survivor, 2.28, 2.2, 1.34, 2.47, 2.61, 1.5, 11 100000000 000
suspect, -0.87, -0.34, -0.08, -1.33, -1.23, -0.61, 11 001000000 000
sweetheart, 2.31, 1.25, 0.85, 3.28, 1.79, 0.61, 11 000000001 000
swinger, -0.45, 0.11, 1.2, -0.87, 0.44, 1.95, 11 000000001 001
taxpayer, 0.69, 0.12, -0.4, 1.47, 0.19, 0.09, 11 000100000 000
teacher, 2.45, 1.75, 0.29, 2.85, 2.43, 1.63, 11 000010000 000
teammate, 2.0, 1.79, 1.65, 2.14, 1.62, 1.34, 11 010111000 001
tease, -0.69, 0.11, 0.15, -1.03, 0.65, 1.23, 11 100000001 000
teenager, 0.93, -0.51, 1.59, 0.54, -0.47, 2.17, 11 100000000 000
temporary worker, 0.37, -0.83, 0.1, 0.24, -1.04, -0.31, 11 010000000 000
tenant, 0.81, -0.42, 0.03, 0.7, -0.53, -0.03, 11 010000000 000
terrorist, -3.09, -0.88, -0.06, -3.86, 1.69, 0.93, 11 001100000 000
thug, -2.19, 0.2, 0.57, -1.81, 0.77, 1.47, 11 101000000 001
toady, -0.37, -0.2, -0.12, -0.83, -1.28, 0.27, 11 110100000 000
toddler, 1.44, -1.39, 1.33, 2.63, -1.19, 2.44, 11 100000010 001
tomboy, -0.07, 0.25, 0.52, 0.46, 0.67, 1.31, 01 100000000 000
tot, 1.57, -0.8, 1.11, 1.29, -1.2, 1.35, 11 000000010 001
trainee, 0.73, -1.14, -0.23, 1.03, -0.67, -0.29, 11 011111100 000
traitor, -2.52, -0.29, -0.48, -2.64, -0.7, -0.33, 11 100100000 000
traveler, 1.38, 0.59, 0.78, 1.81, 0.39, 1.12, 11 110000000 000
troublemaker, -1.53, 0.55, 1.42, -2.18, 0.29, 1.71, 11 100000000 000
truant, -0.78, -0.33, -0.32, -1.43, -0.33, 0.23, 11 000010000 000
true love, 3.0, 2.37, 1.41, 3.43, 3.46, 1.4, 11 000000001 000
tutor, 1.51, 1.45, -0.18, 2.07, 1.15, -0.29, 11 000010000 000
tyke, 0.89, -0.93, 0.67, 1.32, -0.63, 2.12, 11 100000010 001
uncle, 1.62, 1.23, 0.67, 1.86, 1.07, 0.64, 10 000000010 000
underachiever, -1.26, -1.98, -1.31, -1.8, -2.04, -2.2, 11 010010000 100
underdog, 1.46, 0.76, 1.01, 0.31, -0.84, -0.65, 11 100100000 000
undergraduate, 1.61, -0.04, 1.26, 1.81, 0.7, 1.6, 11 000010000 000
unemployed person, -1.57, -2.5, -1.6, -1.4, -2.24, -1.73, 11 010000000 000
union member, 0.43, 0.73, 0.51, 0.93, 0.38, 0.66, 11 010000000 000
university student, 1.01, 0.34, 0.94, 2.28, 0.53, 2.43, 11 000010000 000
vacationer, 1.7, 1.01, 1.05, 2.1, 0.76, 1.1, 11 110000000 000
victim, -1.33, -2.42, -1.61, -2.6, -2.39, -2.18, 11 101000001 000
vigilante, 0.08, 0.69, 1.5, -0.74, 1.0, 1.11, 11 001000000 001
villain, -2.25, 0.87, 1.15, -2.84, 0.83, 1.12, 11 001000000 000
VIP, 1.3, 2.25, 1.33, 1.79, 2.79, 1.87, 11 011100000 000
visitor, 2.0, 0.07, 0.77, 1.57, 0.13, 0.48, 11 100000000 000
voter, 1.61, 0.95, 0.44, 2.02, 1.53, 0.56, 11 000100000 000
voyeur, -0.79, -0.33, -0.65, -1.15, 0.15, -0.81, 11 000000001 000
waiter, 1.08, -0.45, 0.75, 0.94, 0.17, 1.64, 11 010000000 000
waitress, 1.46, 0.25, 1.63, 1.31, -0.02, 1.51, 01 010000000 000
white supremacist, -3.04, -1.04, 0.47, -3.28, -1.04, 1.14, 11 000100000 000
whiz kid, 1.88, 0.64, 0.7, 1.82, 1.74, 0.65, 11 000010000 000
whore, -1.52, -1.38, 0.82, -2.77, -1.88, 1.59, 01 011000001 001
widow, -0.32, -0.55, -0.71, -0.49, -1.36, -1.75, 01 000000010 000
widower, -0.67, -0.75, -1.1, -0.71, -1.16, -2.0, 10 000000010 000
wife abuser, -3.69, -2.15, 0.39, -3.82, 0.62, 1.55, 10 001000010 001
wife, 2.29, 1.44, 1.53, 2.92, 2.0, 1.49, 01 000000011 001
windbag, -0.66, -0.27, 1.17, -0.96, -0.3, 0.51, 11 100000000 000
winner, 2.26, 2.47, 2.53, 2.65, 2.73, 2.34, 11 100100000 000
witness, 1.42, 1.26, -0.21, 0.68, 1.7, -0.15, 11 001000000 000
woman, 1.27, -0.24, 0.34, 2.5, 1.52, 1.49, 01 100000001 000
womanizer, -1.4, -0.31, 0.35, -2.61, -0.09, 1.75, 10 000000001 101
worker, 1.4, 0.43, 0.8, 1.74, 0.97, 0.9, 11 010000000 010
workman, 1.51, 1.15, 1.34, 1.44, 1.43, 1.49, 10 010000000 000
workmate, 1.56, 0.87, 0.83, 1.53, 0.55, 0.88, 11 011111100 000
yes-man, -0.51, -1.23, -0.17, -0.03, -0.9, 0.05, 11 010100000 000
youngster, 1.0, -0.25, 1.94, 1.46, -1.0, 2.15, 11 100000010 000
youth, 1.54, -0.41, 1.43, 2.0, -0.05, 2.24, 11 100000010 000
