no emotion, 0.0, 0.0, 0.0, 0.0, 0.0, 0.0, 10 100000000 000
absentminded, -0.59, -0.7, -0.9, -0.8, -1.0, -1.0, 10 010000000 000
abusive (physically), -2.21, 0.7, 1.88, -2.6, -0.0, 1.7, 10 010000000 000
abusive (verbally), -1.13, -0.0, 0.95, -1.9, -1.0, 1.1, 10 010000000 000
accommodating, 1.19, 0.65, -0.4, 1.72, 1.4, -0.0, 10 010000000 000
active, 1.45, 1.36, 1.77, 2.1, 2.1, 2.4, 10 010000000 000
adaptive, 0.94, 0.6, 0.32, 1.32, 0.8, 0.8, 10 010000000 000
adventurous, 1.18, 0.98, 2.1, 1.81, 1.9, 2.6, 10 010000000 000
affectionate, 1.72, 1.05, -0.4, 2.37, 1.9, -0.0, 10 010000000 000
afraid, -1.88, -0.85, 0.67, -1.93, -1.42, 0.81, 10 100000000 000
aggravated, -1.71, 0.89, 2.15, -2.23, 1.67, 2.22, 10 100000000 000
aggressive, -0.77, 0.94, 1.59, -1.1, 0.7, 1.7, 10 010000000 000
aggrieved, -3.42, -2.4, -1.1, -2.6, -2.0, -1.0, 10 100100000 000
agitated, -2.09, -0.12, 2.03, -2.3, 0.47, 2.29, 10 100000000 000
agreeable, 1.6, 0.75, 0.0, 2.33, 1.3, 0.1, 10 010000000 000
ambitious, 0.73, 1.65, 1.61, 1.03, 1.6, 1.9, 10 010000000 000
amorous, 1.43, 0.71, 1.07, 2.02, 1.64, 1.19, 10 010000000 000
amused, 1.45, 1.48, 2.06, 0.48, 0.92, 1.66, 10 100000000 000
angry, -2.75, 1.16, 2.48, -2.63, 1.7, 1.88, 10 100000000 000
anguished, -2.48, -0.39, 0.0, -2.29, -0.49, -0.27, 10 100000000 000
annoyed, -1.35, -1.25, 0.19, -1.4, -1.33, 0.08, 10 100010000 000
antisocial, -0.98, -1.2, -1.0, -1.6, -2.0, -1.0, 10 000100000 000
anxious, -1.69, -0.86, 0.66, -2.0, -1.09, -0.32, 10 100000000 000
appreciative, 1.4, 0.16, -0.2, 2.28, 1.4, -0.0, 10 110000000 000
apprehensive, -1.27, -0.33, 1.01, -0.97, -0.42, 0.26, 10 100000000 000
ashamed, -1.59, -1.47, -0.99, -2.18, -1.94, -0.44, 10 100010000 000
astonished, -0.16, 1.17, 1.67, -0.04, 1.31, 2.14, 10 010000000 000
at-ease, 2.59, -0.12, -2.72, 2.01, 0.59, -1.99, 10 100000000 000
attractive, 1.17, 0.36, 0.99, 1.97, 1.7, 1.6, 10 000100000 000
authoritarian, -1.13, 0.36, -0.6, -1.8, 0.8, 0.1, 10 010000000 000
awe-struck, 0.6, 0.06, -1.0, 0.2, -0.67, -0.94, 10 100000000 000
awkward, -0.51, -0.9, -0.4, -0.9, -1.0, -0.0, 10 000100000 000
bad, -2.54, -0.1, 0.15, -2.7, -0.0, 0.3, 10 001000000 000
beautiful, 1.21, 1.12, 0.86, 1.32, 1.1, 1.2, 10 000100000 000
belligerent, -1.58, -0.1, -0.0, -2.3, -1.0, 0.2, 10 010000000 000
betrayed, -0.19, -1.4, -0.2, -0.8, -1.0, -1.0, 10 000100000 000
bitter, -2.57, -0.9, -0.54, -2.13, -1.29, -1.12, 10 100010000 000
blue, -2.69, -3.6, -2.1, -2.0, -3.0, -2.0, 10 100000000 000
bold, 0.56, 1.09, 1.58, 1.03, 1.9, 2.1, 10 010000000 000
boring, -0.77, -1.2, -1.0, -1.5, -1.0, -1.0, 10 000100000 000
bossy, -0.58, 1.03, 0.67, -0.3, 1.2, 0.7, 10 010000000 000
brave, 2.1, 2.18, 1.43, 2.36, 2.2, 1.9, 10 010000000 000
bright, 1.04, 1.2, 0.25, 2.01, 2.0, 0.9, 10 010000000 000
bright-spirited, 1.34, 1.08, 1.89, 2.12, 2.1, 2.5, 10 010000000 000
broad-minded, 1.96, 1.37, -0.8, 2.49, 2.2, -1.0, 10 010100000 000
broken-hearted, -2.31, -0.08, -0.14, -1.91, -1.16, -0.38, 10 100000000 000
calm, 1.0, 0.34, -3.0, 1.5, 0.2, -2.33, 10 100010000 000
careless, -0.86, -0.6, 0.93, -1.7, -1.0, 1.6, 10 010000000 000
cautious, 0.44, -0.1, -1.3, 0.93, 0.3, -1.0, 10 010000000 000
charmed, 0.94, 1.07, 0.96, 1.15, 1.22, 1.34, 10 100000000 000
charming, 2.19, 1.78, 1.26, 2.38, 2.0, 0.9, 10 010000000 000
cheered, 1.64, 1.2, 2.19, 2.61, 2.27, 2.34, 10 100000000 000
cheerful, 1.48, 0.87, 1.62, 2.45, 1.8, 2.3, 10 110000000 000
cheerless, -2.53, 0.15, 0.31, -2.59, -0.26, 0.18, 10 100000000 000
childish, -0.12, -0.6, 1.58, -0.5, -1.0, 1.3, 10 010000000 000
clever, 1.07, 1.03, -0.2, 1.77, 1.9, 0.1, 10 010000000 000
clumsy, -0.41, -0.7, -0.5, -0.7, -1.0, -0.0, 10 010100000 000
cock-sure, 0.88, 0.82, 1.95, 1.23, 1.8, 2.3, 10 100000000 000
cocky, -0.64, -0.1, 0.5, -1.5, -1.0, 0.6, 10 010000000 000
cold, -1.77, -0.1, -0.3, -1.8, -1.0, -1.0, 10 010000000 000
compassionate, 0.93, 0.39, -0.9, 1.19, 0.2, -2.0, 10 110000000 000
competent, 1.94, 1.95, 0.91, 1.85, 2.2, 0.9, 10 010000000 000
complicated, 0.07, -0.2, -0.1, -0.5, -0.0, 0.1, 10 010000000 000
composed, 1.32, 0.98, -2.25, 0.76, 0.54, -1.4, 10 010000000 000
compulsive, -0.67, 1.22, 1.3, -0.9, 1.2, 1.6, 10 010000000 000
conceited, -1.05, -0.6, 1.05, -1.6, -0.0, 0.9, 10 010000000 000
confident, 1.04, 1.49, 0.8, 1.56, 2.1, 1.4, 10 010000000 000
conscientious, 2.19, 0.84, -0.7, 1.88, 1.9, -0.0, 10 010000000 000
conservative, -0.34, 0.09, -1.7, -0.3, -0.0, -1.0, 10 011000000 000
considerate, 2.35, 1.41, -0.9, 2.62, 2.0, -1.0, 10 010000000 000
contemptuous, -2.15, -0.15, 0.47, -2.21, 0.1, 0.08, 10 110000000 000
contented, 1.79, 0.57, -2.91, 2.28, 0.42, -2.94, 10 100010000 000
coquettish, -0.86, -0.2, 0.59, -1.5, -0.0, 0.3, 10 010000000 000
courageous, 1.13, 1.29, 0.6, 2.15, 2.3, 1.3, 10 010000000 000
courteous, 2.18, 0.74, -1.3, 2.4, 1.6, -1.0, 10 010000000 000
covetous, -3.42, -1.1, 0.07, -3.0, -1.0, 0.5, 10 010000000 000
cowardly, -0.76, -1.6, -0.7, -1.3, -2.0, -1.0, 10 010000000 000
coy, -0.35, -1.4, -1.4, -0.9, -2.0, -1.0, 10 010000000 000
crazy, -1.09, -0.8, 0.39, -1.9, -1.0, 0.9, 10 011000000 000
critical, -0.1, 0.3, 0.67, -1.1, -0.0, 0.6, 10 010000000 000
cruel, -2.47, 0.58, 0.61, -2.7, -1.0, -0.0, 10 010000000 000
crushed, -1.75, -1.22, -0.58, -1.58, -1.53, -1.43, 10 100000000 000
cunning, -1.72, 0.15, 0.29, -2.2, 0.0, 0.83, 10 010000000 000
curious, 1.41, 0.93, 1.82, 2.0, 1.9, 2.4, 10 010000000 000
cute, 1.09, 0.27, 1.23, 1.36, 0.5, 0.9, 10 010000000 000
cynical, -1.05, -0.3, -0.0, -2.1, -1.0, -1.0, 10 010000000 000
death-defying, 1.02, 0.79, 1.39, 1.23, 0.4, 1.7, 10 000100000 000
defensive, -0.05, 0.31, -0.9, -0.1, -0.0, -1.0, 10 010000000 000
defiant, -0.47, 0.13, 1.44, -1.5, -1.0, 1.8, 10 010000000 000
deflated, -2.0, -1.87, -1.73, -2.19, -2.19, -1.56, 10 100000000 000
dejected, -1.9, -1.77, -1.43, -1.88, -2.08, -1.33, 10 100000000 000
demanding, -0.68, 0.2, 1.14, -0.9, -0.0, 1.0, 10 010000000 000
demure, 0.77, -1.5, -2.4, 0.92, -2.0, -2.0, 10 010000000 000
dependable, 2.1, 2.1, -0.3, 2.23, 2.5, -1.0, 10 010000000 000
dependent, -1.07, -1.6, -0.6, -1.3, -2.0, -1.0, 10 010000000 000
depressed, -2.22, -0.65, -0.19, -1.86, -0.81, -0.48, 10 100010000 000
determined, 1.85, 1.8, 1.79, 2.45, 2.1, 2.0, 10 010000000 000
devoted, 1.58, 0.31, 0.12, 2.06, 1.2, -1.0, 10 010000000 000
diffident, -2.35, -2.8, -0.9, -2.2, -3.0, -1.0, 10 010000000 000
dignified, 0.71, 1.25, -1.2, 1.37, 1.2, -1.0, 10 000100000 000
disagreeable, -1.58, -0.6, -0.0, -2.5, -1.0, -0.0, 10 010000000 000
disappointed, -1.98, -0.28, -0.48, -1.77, -0.94, -0.32, 10 100000000 000
discomforted, -3.33, 0.28, 0.52, -3.4, -1.0, 0.1, 10 010000000 000
disconcerted, -1.92, -0.53, 1.31, -1.93, -1.17, 0.51, 10 010000000 000
discontented, -1.97, -0.24, 0.04, -2.17, -0.45, -0.19, 10 100000000 000
disgusted, -2.82, 1.04, 2.24, -2.55, 0.88, 1.92, 10 100010000 000
disheartened, -1.81, -0.98, -1.09, -2.13, -1.06, -1.59, 10 100000000 000
dismayed, -2.63, 0.26, 0.08, -2.65, -0.21, 0.43, 10 100000000 000
displeased, -2.63, 0.1, 1.0, -2.12, -0.04, 0.5, 10 100000000 000
disreputable, -0.95, -0.6, -0.1, -1.4, -0.0, 0.3, 10 010000000 000
dissatisfied, -1.86, -0.3, 0.63, -2.0, 0.0, 0.13, 10 100000000 000
distressed, -2.2, -1.0, -1.34, -2.31, -1.7, -1.23, 10 100000000 000
divorced, -0.46, -0.4, 0.44, -0.5, -0.0, 0.8, 10 001000000 000
dogmatic, -0.92, 1.04, 0.96, -1.0, 0.9, 0.5, 10 010000000 000
domineering, -2.02, 0.91, 1.53, -2.4, 0.2, 1.1, 10 010000000 000
doubtful, -0.75, -0.8, -0.4, -1.4, -1.0, -1.0, 10 000100000 000
downhearted, -2.05, -0.95, -1.29, -2.25, -1.13, -1.17, 10 100000000 000
drowsy, -0.49, -0.8, -1.4, -0.3, -1.0, -0.0, 10 000100000 000
drunken, -1.32, -0.6, 0.79, -1.0, -0.0, 0.8, 10 001100000 000
dull, -0.78, -1.0, -0.9, -0.7, -1.0, -1.0, 10 000100000 000
earnest, 1.98, 1.28, 0.53, 2.11, 1.6, 0.6, 10 010000000 000
easily hurt, -0.2, -0.9, 0.03, -0.3, -1.0, -0.0, 10 010000000 000
easygoing, -0.15, -0.3, -1.0, 0.26, 0.1, -1.0, 10 010000000 000
eccentric, 0.02, 0.52, 1.86, -0.1, 0.4, 1.9, 10 010000000 000
ecstatic, 1.75, 0.09, -1.63, 1.81, 0.12, -1.17, 10 100000000 000
educated, 1.52, 1.18, -0.5, 2.42, 2.2, -0.0, 10 001000000 000
efficient, 1.32, 1.39, -0.0, 1.96, 1.9, 1.4, 10 010000000 000
egotistical, -1.36, 0.1, 0.69, -1.3, -0.0, 0.7, 10 010000000 000
elated, 1.66, 2.06, 2.58, 2.13, 2.52, 2.42, 10 100000000 000
elegant, 2.23, -0.4, -2.1, 2.25, 0.4, -2.0, 10 010000000 000
embarrassed, -1.77, -0.38, 1.41, -1.35, -0.98, 0.22, 10 100010000 000
emotional, -0.36, -0.3, 1.27, -0.4, -0.0, 1.8, 10 110000000 000
employed, 0.08, -1.0, 0.22, -0.0, -1.0, 0.4, 10 001000000 000
empty, -1.9, -1.58, -2.25, -1.88, -1.84, -1.44, 10 000100000 000
energetic, 1.3, 1.58, 2.14, 1.82, 2.2, 2.6, 10 010000000 000
enthusiastic, 0.16, 1.13, 2.16, 0.79, 1.1, 2.2, 10 110000000 000
entrusting, 0.06, -0.8, -0.1, -0.3, -1.0, -0.0, 10 010000000 000
envious, -0.91, 0.0, 0.29, -0.32, 0.35, 0.58, 10 100000000 000
envious2, -2.28, -0.21, 0.52, -2.33, 0.38, 0.32, 10 100000000 000
esteemed, 1.93, 1.54, -0.0, 2.26, 1.6, -1.0, 10 001000000 000
exasperated, -2.3, 0.92, 2.37, -2.25, 0.48, 1.83, 10 100000000 000
excitable, -0.29, 0.16, 1.49, -0.8, -0.0, 2.0, 10 010000000 000
excited, 0.34, 2.07, 2.87, 1.48, 2.13, 2.57, 10 100010000 000
experienced, 1.68, 1.64, -0.7, 2.35, 2.1, 0.1, 10 001000000 000
extroverted, 1.28, 1.28, 1.69, 1.93, 1.9, 2.1, 10 010000000 000
exuberant, 2.0, -0.2, -1.8, 2.58, 0.3, -1.0, 10 010000000 000
faithful, 0.83, -0.0, -0.7, 1.91, 1.0, -1.0, 10 010000000 000
fashionable, 0.59, 0.23, 1.44, 1.65, 1.1, 1.6, 10 000100000 000
fearful, -1.87, -0.16, 0.91, -2.28, -0.51, 0.24, 10 100000000 000
fed-up, -2.39, -0.65, 0.0, -2.12, -1.07, -1.25, 10 100000000 000
female, 0.58, 0.03, 0.47, 1.05, 0.4, 0.2, 10 001000000 000
feminine, 0.3, -0.2, -0.4, 1.07, 0.2, -1.0, 10 010000000 000
fickle, -0.75, -0.4, 0.85, -1.7, -1.0, 1.3, 10 010000000 000
finicky, -0.77, -0.2, -0.6, -1.5, -0.0, -2.0, 10 010000000 000
flexible, 1.54, 0.81, 0.45, 2.21, 1.9, 0.4, 10 010000000 000
flustered, -1.41, 0.03, 3.01, -1.26, 0.49, 2.35, 10 100010000 000
foolish, -1.51, -1.5, 0.45, -1.6, -2.0, 0.1, 10 010000000 000
forbearing, -1.59, -2.0, -1.2, -1.2, -1.0, -1.0, 10 010000000 000
forgiving, 1.84, 1.39, -0.8, 2.49, 2.1, -1.0, 10 010000000 000
foxy, -0.2, 0.43, -0.5, -0.7, 0.4, -0.0, 10 010000000 000
fretful, -2.34, 0.96, 2.17, -2.7, 0.78, 1.76, 10 010000000 000
friendly, 1.64, 1.11, -0.1, 1.97, 1.5, 0.9, 10 010000000 000
frightened, -1.0, 0.31, 1.46, -1.19, 0.55, 1.42, 10 100000000 000
frivolous, -0.92, -1.2, 0.0, -1.6, -1.0, 0.5, 10 000100000 000
frustrated, -2.59, -1.35, -0.93, -2.72, -1.14, -1.31, 10 100000000 000
furious, -2.81, 1.97, 2.86, -2.98, 2.49, 2.94, 10 100010000 000
generous, 1.14, 1.03, 0.8, 1.73, 1.5, 1.1, 10 010000000 000
gentle, 1.63, 0.95, -1.7, 2.09, 1.3, -1.0, 10 010000000 000
glad, 3.01, 1.86, 1.49, 2.45, 1.8, 0.93, 10 100000000 000
gloomy, -0.85, -1.1, -1.2, -1.6, -2.0, -2.0, 10 110000000 000
goal-directed, 2.41, 1.45, 1.55, 2.74, 2.2, 1.9, 10 010000000 000
good, 2.38, 0.75, -0.2, 2.38, 1.7, -0.0, 10 001000000 000
graceful, 1.31, 0.62, -1.3, 1.46, 0.8, -2.0, 10 000100000 000
great, 1.21, 1.81, -0.3, 1.64, 2.1, -1.0, 10 000100000 000
greedy, -1.07, 0.24, 1.41, -1.0, 0.2, 1.1, 10 010000000 000
grief-stricken, -2.1, -0.45, -0.82, -2.34, -1.05, -1.11, 10 100000000 000
guileless, -1.43, -0.0, 1.11, -1.6, -0.0, 1.2, 10 010000000 000
guilty, -2.03, -0.8, 0.59, -2.4, -1.0, 0.8, 10 101000000 000
gullible, -0.51, -1.3, -0.2, -1.4, -1.0, -0.0, 10 010000000 000
handsome, 1.01, 1.0, 0.88, 1.24, 1.1, 1.4, 10 000100000 000
happily surprised, 1.12, 0.37, 1.55, 0.64, 0.22, 0.92, 10 100000000 000
happy, 2.49, 1.89, 2.0, 2.58, 2.32, 2.23, 10 100010000 000
hardworking, 1.72, 1.02, 0.4, 2.62, 2.2, 0.5, 10 010000000 000
heavy-hearted, -3.45, -3.41, -2.38, -2.57, -2.54, -1.22, 10 100000000 000
helpful, 1.42, 0.23, -0.0, 1.91, 1.1, -0.0, 10 010000000 000
helpless, -0.85, -2.1, -1.1, -1.6, -2.0, -1.0, 10 000100000 000
homesick, -0.57, -0.6, -0.05, -0.21, -0.19, -0.72, 10 100000000 000
homosexual, -0.44, -0.6, 0.5, -0.3, -0.0, 1.0, 10 001100000 000
honest, 1.62, 0.48, -0.1, 2.43, 1.3, 0.3, 10 010000000 000
honorable, 2.58, 2.21, -0.2, 2.69, 2.5, -1.0, 10 010000000 000
hopeful, 1.76, 1.24, 1.76, 2.37, 1.9, 2.1, 10 110000000 000
horrified, -1.81, -0.15, 0.38, -2.38, -0.21, 1.02, 10 100000000 000
hostile, -1.13, 0.7, 1.28, -1.0, 0.6, 1.5, 10 110000000 000
hotheaded, -1.4, 1.02, 1.68, -1.4, 0.0, 1.9, 10 010000000 000
humane, 1.13, 0.11, -0.2, 1.48, 0.7, -0.0, 10 010000000 000
humble, 1.15, 0.05, -0.8, 1.23, 0.2, -1.0, 10 110000000 000
humiliated, -0.35, -0.9, 0.03, -0.9, -1.0, 0.4, 10 100000000 000
hurt, -2.12, -1.11, -0.43, -1.94, -1.02, -0.37, 10 100100000 000
idealistic, 0.44, 0.06, 0.48, 0.52, 0.1, 1.2, 10 010000000 000
ignorant, -1.13, -1.3, 0.67, -1.3, -2.0, 0.2, 10 000100000 000
ill-at-ease, -1.67, -0.33, 2.18, -1.74, -0.36, 1.66, 10 100000000 000
immature, -0.59, -1.7, 0.9, -0.5, -2.0, 1.1, 10 010000000 000
immoral, -1.67, -0.7, 0.56, -2.4, -1.0, 0.8, 10 000100000 000
impatient, -1.13, -0.3, 1.27, -1.7, -1.0, 1.4, 10 100010000 000
impressionable, -1.13, -1.4, -0.1, -1.5, -2.0, -0.0, 10 010000000 000
in-love, 1.96, 1.35, 1.95, 2.69, 1.98, 1.73, 10 000100000 000
incompetent, -1.37, -1.9, -0.7, -1.7, -2.0, -0.0, 10 000100000 000
inconsiderate, -2.21, -0.9, 0.63, -2.6, -2.0, 0.6, 10 010000000 000
indecent, -1.49, -1.4, 0.13, -1.8, -1.0, 0.2, 10 000100000 000
indecisive, -1.41, -1.4, -0.5, -1.9, -2.0, -1.0, 10 010000000 000
independent, 1.83, 1.35, 0.66, 2.52, 2.2, 0.6, 10 010000000 000
indifferent, -0.92, -0.6, 0.11, -0.8, -0.0, 0.4, 10 010000000 000
industrious, 1.47, 0.75, -0.2, 2.1, 1.5, -1.0, 10 010000000 000
inexperienced, -0.46, -1.3, 0.25, -1.0, -2.0, -0.0, 10 000100000 000
inhibited, -1.07, 0.71, 0.58, -0.8, 0.6, 0.4, 10 010000000 000
innocent, 1.65, 0.6, -0.3, 2.23, 1.6, 1.1, 10 000100000 000
insane, -1.01, -0.4, 0.54, -1.7, -1.0, 1.1, 10 001100000 000
insecure, -1.04, -1.0, 0.44, -1.6, -2.0, 0.6, 10 010000000 000
insensitive, -2.03, -0.7, 0.92, -2.1, -1.0, 1.1, 10 010000000 000
insincere, -1.15, -0.6, 0.2, -1.7, -1.0, 0.8, 10 010000000 000
intellectual, 1.41, 1.11, -0.5, 2.32, 1.7, -0.0, 10 011000000 000
intelligent, 1.44, 1.28, -1.2, 1.73, 1.6, -1.0, 10 010000000 000
interesting, 1.46, 1.25, 1.44, 1.93, 1.7, 1.8, 10 010000000 000
intimidated, -0.59, -1.5, -0.6, -1.1, -2.0, -1.0, 10 100000000 000
intoxicated, 0.59, 0.48, 1.71, 1.19, 0.8, 1.9, 10 000100000 000
introverted, -0.36, -1.4, -1.2, -0.6, -1.0, -1.0, 10 010000000 000
irate, -2.13, -0.19, 0.23, -2.2, -0.04, -0.1, 10 100000000 000
irked, -1.49, -0.57, -0.02, -2.13, -0.55, -0.19, 10 100000000 000
irresponsible, -2.36, -1.0, 0.39, -2.5, -2.0, 0.8, 10 010000000 000
irritated, -1.31, 0.33, 0.77, -1.43, -0.19, 0.44, 10 100000000 000
irritating, -3.27, 0.17, 1.14, -2.9, -0.0, 0.5, 10 010000000 000
jealous, -1.91, -0.17, 1.8, -1.42, 0.82, 1.29, 10 110000000 000
joyful, 0.1, 1.16, 2.34, 1.54, 2.03, 2.13, 10 100000000 000
joyless, -1.03, -1.46, -1.4, -1.23, -1.77, -1.72, 10 100010000 000
kind, 2.26, 1.06, -0.4, 2.48, 2.0, -1.0, 10 010000000 000
kindly, 0.09, -1.1, -1.6, -0.1, -1.0, -2.0, 10 010000000 000
lazy, -1.29, -0.8, -1.1, -1.9, -2.0, -1.0, 10 010000000 000
lively, 1.27, 1.34, 2.08, 1.87, 2.0, 2.3, 10 010000000 000
lonely, -1.4, -1.47, -1.12, -1.67, -1.53, -1.68, 10 100000000 000
lonesome, -1.33, -1.24, -1.82, -1.83, -1.52, -1.33, 10 100000000 000
lost, -2.29, -1.53, 0.28, -2.3, -1.77, -0.73, 10 000100000 000
loved, 1.43, 1.12, 0.24, 2.32, 1.8, 0.3, 10 000100000 000
lovesick, 0.39, 0.52, 1.06, 0.63, 0.39, 0.88, 10 100000000 000
low, -2.33, -1.98, -1.72, -2.31, -2.0, -1.31, 10 100000000 000
lucky, 0.83, 0.95, 0.44, 2.11, 1.7, 1.2, 10 000100000 000
mad, -4.35, 3.75, 3.78, -3.4, 2.4, 3.3, 10 100010000 000
male, 0.03, 1.38, 1.19, 0.48, 1.3, 0.9, 10 001000000 000
maniacal, 0.03, 0.12, 0.47, 0.3, 0.0, -0.0, 10 010000000 000
manic-depressive, -0.8, -0.1, 1.59, -1.4, -1.0, 1.8, 10 010000000 000
married, 0.37, 0.41, -0.7, 1.07, 1.1, -1.0, 10 001000000 000
masculine, 0.35, 0.91, 0.94, 0.9, 1.9, 1.4, 10 010000000 000
mature, 1.34, 1.49, -1.5, 1.5, 1.6, -2.0, 10 010100000 000
mean, -1.49, -1.2, 0.02, -2.0, -2.0, -0.0, 10 010000000 000
mediocre, -0.14, -0.6, -0.5, -0.2, -1.0, -1.0, 10 000100000 000
meek, 0.64, -0.4, 0.09, 0.71, 0.1, 0.2, 10 010000000 000
melancholy, -2.52, 1.44, -1.2, 2.15, -1.48, 1.88, 10 100000000 000
methodical, 0.93, 0.06, -0.5, 1.06, 0.1, -1.0, 10 010000000 000
middle-class, 0.11, -0.3, -0.2, 0.73, 0.1, 0.1, 10 001000000 000
mischievous, -0.95, -0.2, 1.67, -1.5, -1.0, 1.8, 10 010000000 000
miserable, -2.42, -1.71, -0.85, -2.2, -1.95, -1.27, 10 100000000 000
miserly, -1.3, -0.1, 0.21, -1.3, -0.0, 0.1, 10 010000000 000
modern, 0.66, 0.59, 1.04, 1.18, 1.4, 2.0, 10 000100000 000
modest, 1.46, -0.1, -1.8, 1.72, 0.6, -2.0, 10 010000000 000
modest2, 1.15, 0.05, -0.8, 1.23, 0.2, -1.0, 10 010000000 000
moody, -0.93, -0.4, 0.59, -1.4, -1.0, 1.1, 10 010000000 000
mortified, -1.62, 0.08, 0.89, -2.09, -0.17, 0.11, 10 100000000 000
moved, 2.29, 2.02, 0.47, 2.12, 2.26, 0.3, 10 100000000 000
naive, 0.59, -0.4, 1.51, 1.44, 0.8, 1.7, 10 010000000 000
narrowminded, -1.6, -1.3, -0.3, -2.4, -2.0, -1.0, 10 010000000 000
nauseated, -3.09, -1.8, -0.1, -3.2, -2.0, 0.2, 10 000100000 000
neighborly, 0.14, 0.08, -0.2, 0.68, 0.2, -1.0, 10 000100000 000
nervous, -1.26, -0.01, 1.2, -1.49, -1.04, 0.45, 10 100010000 000
nice, 2.25, 1.29, -0.9, 2.44, 1.7, -1.0, 10 010000000 000
noble, 0.02, 0.91, -1.0, 0.37, 0.8, -1.0, 10 000100000 000
noisy, -1.15, -0.1, 1.62, -1.4, -0.0, 1.4, 10 000100000 000
normal, 0.14, -0.2, -0.2, 0.16, -0.0, -0.0, 10 000100000 000
obedient, -0.05, -0.9, -0.8, 0.64, -0.0, -1.0, 10 010000000 000
obstinant, -0.92, 0.49, 0.46, -1.2, 0.4, 0.5, 10 010000000 000
offensive, -1.67, -0.4, 0.93, -2.5, -1.0, 1.1, 10 010000000 000
old, 0.31, -0.9, -2.3, 0.47, -1.0, -2.0, 10 001000000 000
open-handed, 1.14, 1.03, 0.8, 1.73, 1.5, 1.1, 10 010000000 000
open-minded, 1.88, 0.7, 0.07, 2.58, 1.9, 0.4, 10 010000000 000
optimistic, 0.87, 0.57, 1.29, 1.76, 1.7, 1.5, 10 110000000 000
ostentatious, -0.09, 0.96, 1.96, 0.25, 1.4, 2.3, 10 010000000 000
outgoing, 1.47, 1.34, 0.87, 2.17, 2.1, 1.9, 10 010000000 000
outraged, -2.41, 1.45, 2.88, -2.57, 2.19, 2.23, 10 100010000 000
outspoken, 1.14, 0.94, 0.88, 1.62, 1.2, 1.3, 10 010000000 000
overbearing, -1.57, 0.02, 1.45, -1.9, -1.0, 1.5, 10 010000000 000
overconfident, -0.76, 0.29, 1.19, -1.4, 0.0, 1.5, 10 010000000 000
overjoyed, 1.41, 1.71, 2.85, 1.33, 2.29, 2.59, 10 100010000 000
overwhelmed, -0.24, 0.61, 0.91, 0.18, 0.34, 1.19, 10 100000000 000
passionate, 1.86, 2.22, 2.63, 2.48, 2.6, 2.55, 10 110000000 000
patient, 1.33, 0.91, -0.9, 2.04, 1.7, -1.0, 10 010000000 000
peaceful, 1.3, 0.29, -1.7, 1.94, 1.1, -2.0, 10 110000000 000
perceptive, 1.07, 0.58, 0.44, 1.58, 1.6, 0.8, 10 010000000 000
persecuted, -0.29, -1.9, -0.8, -0.7, -2.0, -1.0, 10 001000000 000
persistent, 1.69, 1.29, 0.57, 2.13, 1.8, -0.0, 10 010000000 000
persuasive, 1.09, 1.6, -0.4, 1.49, 2.0, -0.0, 10 000100000 000
perverted, -1.4, -0.4, 0.42, -2.3, -1.0, 0.1, 10 011000000 000
petrified, -1.67, -0.14, -1.14, -1.93, -1.0, -1.15, 10 100000000 000
playful, -0.67, -0.4, 1.02, -1.1, -1.0, 1.6, 10 010000000 000
pleased, 2.48, 1.4, 2.24, 3.1, 1.96, 1.86, 10 100010000 000
polite, 2.01, 0.7, -1.0, 2.21, 1.1, -1.0, 10 010000000 000
pompous, -1.18, -0.4, 0.13, -1.3, -1.0, -0.0, 10 010000000 000
poor, -0.46, -1.6, -0.4, -0.8, -1.0, -1.0, 10 001000000 000
popular, 1.13, 1.85, 1.74, 1.92, 2.1, 1.7, 10 001100000 000
positive, 1.54, 1.61, 2.09, 2.09, 2.0, 2.2, 10 010000000 000
powerful, 0.97, 1.66, 1.15, 1.63, 2.2, 1.2, 10 001100000 000
prejudiced, -1.54, -0.3, -0.1, -2.5, -2.0, -0.0, 10 010000000 000
presumptuous, -1.0, -0.7, 1.51, -1.5, -0.0, 1.9, 10 010000000 000
pretty, 2.66, -3.3, -1.6, 1.61, -3.0, -2.0, 10 000100000 000
proud, 2.29, 2.27, 0.58, 2.54, 2.25, 0.32, 10 100010000 000
provocative, -1.44, -0.5, 0.84, -1.7, -0.0, 0.7, 10 010000000 000
quarrelsome, -1.2, 0.77, 1.77, -1.9, -1.0, 2.3, 10 010000000 000
quiet, 0.57, -0.2, -1.6, 0.66, -0.0, -2.0, 10 000100000 000
reckless, -0.43, 0.33, 1.94, -0.9, -0.0, 1.7, 10 010000000 000
refined, 1.41, 0.14, -2.1, 1.17, 0.6, -2.0, 10 010000000 000
regretful, -1.68, -0.27, 0.09, -1.81, -0.72, -0.14, 10 100000000 000
relieved, 2.42, 1.27, -2.57, 2.32, 1.4, -2.14, 10 100000000 000
remorseful, -1.75, -0.92, 1.62, -2.09, -0.84, 1.06, 10 100000000 000
resentful, -2.1, 1.68, 1.79, -2.72, 2.1, 2.09, 10 100000000 000
reserved, 0.21, -0.6, 0.0, 0.1, -1.0, -1.0, 10 010000000 000
resigned, -2.11, -2.6, -1.6, -1.6, -2.0, -1.0, 10 010000000 000
responsible, 2.41, 2.01, -0.2, 2.56, 2.2, -0.0, 10 010000000 000
restless, -0.85, -0.5, 2.11, -0.3, -0.0, 2.4, 10 010000000 000
reverent, 0.01, -0.9, -0.0, 0.03, -0.0, -1.0, 10 110000000 000
rich, 0.29, 1.84, -0.6, 0.5, 1.7, -0.0, 10 001000000 000
rude, -2.11, -0.9, 1.32, -2.3, -1.0, 0.8, 10 010000000 000
rueful, -3.11, -1.8, 0.0, -2.2, -1.0, 0.1, 10 000100000 000
ruthless, -2.33, -0.2, 0.35, -2.1, -1.0, -0.0, 10 010000000 000
sad, -1.95, -0.91, -0.95, -1.79, -1.13, -1.12, 10 100000000 000
sadistic, -1.07, 0.71, 0.96, -1.0, 0.0, 0.5, 10 010000000 000
satisfied, 2.72, 1.65, -0.43, 2.62, 2.38, -0.43, 10 100000000 000
secure, 1.47, 0.91, -2.85, 1.48, 0.39, -2.32, 10 010100000 000
self-centered, -1.16, 0.11, 0.82, -2.3, -0.0, 1.2, 10 010000000 000
self-conscious, -0.68, -0.1, 0.91, -1.2, -0.0, 1.5, 10 110000000 000
self-pitying, -2.81, -3.1, -1.6, -1.9, -2.0, -1.0, 10 100000000 000
self-righteous, -1.49, 0.3, 1.05, -2.1, -0.0, 1.5, 10 010000000 000
selfish, -1.52, -0.5, 1.25, -1.8, -1.0, 1.4, 10 010000000 000
sensuous, 0.63, 0.15, 0.99, 0.76, 0.4, 1.0, 10 010000000 000
serene, 1.24, 1.18, -1.7, 1.89, 1.6, -2.0, 10 100000000 000
serious, 1.54, 0.47, -0.6, 1.98, 1.5, -0.0, 10 010000000 000
shaken, -1.1, -0.4, 1.26, -1.59, 0.09, 1.5, 10 100000000 000
shocked, -0.36, -0.37, -0.49, -1.48, -0.48, 0.01, 10 100000000 000
shrewd, 0.86, 1.2, 0.63, 0.88, 1.3, 0.7, 10 010000000 000
sickened, -2.22, 0.13, -0.33, -1.92, -0.46, -0.16, 10 100000000 000
silly, -1.28, -1.0, 0.15, -1.4, -1.0, 0.5, 10 000100000 000
simpleminded, -0.26, -0.8, 0.71, -0.1, -0.0, 0.9, 10 010000000 000
sincere, 2.16, 0.83, -0.9, 2.61, 1.7, -1.0, 10 010000000 000
single, 0.05, 0.01, 1.12, 0.32, 0.6, 0.9, 10 001000000 000
sloppy, -1.28, -0.7, 0.86, -2.3, -1.0, 0.6, 10 010000000 000
slothful, -1.78, -1.5, -0.8, -2.0, -1.0, -1.0, 10 010000000 000
sluggish, -0.7, -1.1, -1.8, -1.1, -1.0, -2.0, 10 000100000 000
sly, -1.72, 0.15, 0.29, -2.2, 0.0, 0.8, 10 010000000 000
smug, -1.16, -0.7, 0.63, -1.5, -1.0, -0.0, 10 110000000 000
solitary, -2.51, -3.6, -2.9, -2.4, -3.0, -2.0, 10 000100000 000
sophisticated, 1.5, 1.32, -0.7, 1.9, 1.6, 0.2, 10 010000000 000
sorrowful, -1.75, -0.47, -0.42, -2.05, -0.61, -0.86, 10 100000000 000
sorry, -0.77, -0.44, -0.56, -0.91, -0.77, -1.3, 10 100000000 000
spoiled, -1.76, -2.9, -0.1, -1.3, -2.0, 0.7, 10 000100000 000
steadfast, 2.14, 1.67, -0.8, 2.36, 2.2, -0.0, 10 010000000 000
stingy, -1.25, -0.6, -0.2, -1.3, -1.0, -0.0, 10 010000000 000
strange, 0.09, 0.2, 0.97, 0.18, 0.7, 1.3, 10 000100000 000
strict, -0.76, 0.48, 0.44, -1.3, 0.5, 1.4, 10 010000000 000
strong, 0.92, 1.93, 1.26, 1.32, 2.1, 0.8, 10 000100000 000
strong-willed, 1.82, 1.58, 0.72, 2.13, 2.1, 0.7, 10 010000000 000
stubborn, -0.39, 0.5, -1.1, -0.8, 0.7, -1.0, 10 010000000 000
studious, 1.47, 0.75, -0.2, 2.1, 1.5, -1.0, 10 010000000 000
stunned, -0.55, -1.01, -1.11, -1.3, -1.35, -1.12, 10 000000000 000
suave, 2.0, 0.32, 0.55, 2.13, 0.6, 0.4, 10 000100000 000
subdued, -0.81, -0.4, -1.1, -0.9, -1.0, -1.0, 10 010000000 000
submissive, -1.07, -1.6, -1.2, -1.3, -2.0, -2.0, 10 010000000 000
successful, 1.25, 1.72, 0.97, 2.3, 2.6, 0.9, 10 000100000 000
superstitious, -0.68, -1.0, -1.2, -0.7, -1.0, -1.0, 10 010000000 000
surprised, 0.22, 0.58, 1.92, 0.01, 1.7, 1.8, 10 000100000 000
suspicious, -0.89, -0.2, -0.2, -1.5, -1.0, -0.0, 10 010000000 000
sympathetic, 1.68, 0.83, 0.13, 2.29, 1.2, 0.1, 10 010000000 000
taciturn, -0.28, -0.5, -1.5, -0.6, -1.0, -2.0, 10 010000000 000
tactful, 0.8, -0.6, -1.0, 0.8, -0.0, -1.0, 10 010000000 000
talented, 1.67, 2.09, 0.86, 2.04, 2.3, 1.1, 10 000100000 000
talkative, -0.21, -0.1, 1.81, -0.5, -0.0, 1.9, 10 010100000 000
temperamental, -0.71, -0.3, 0.91, -1.6, -1.0, 1.4, 10 010000000 000
terrified, -2.12, -1.21, 0.54, -2.18, -1.58, -0.28, 10 100000000 000
theoretical, 0.8, 0.7, -1.2, 0.73, 1.2, -1.0, 10 010000000 000
thoughtless, -1.62, 0.2, 0.85, -1.5, 0.1, 1.2, 10 010000000 000
thrilled, 1.84, 1.49, 2.2, 2.63, 2.45, 2.38, 10 100010000 000
timid, -0.76, -1.4, -0.3, -1.3, -2.0, -1.0, 10 010000000 000
tired, -0.26, -1.2, -1.5, -0.9, -1.0, -1.0, 10 000100000 000
titilated, 0.43, 0.9, 1.93, 0.2, 0.7, 1.9, 10 000000000 000
tormented, -2.25, -0.66, -0.07, -1.62, -1.14, -0.34, 10 100000000 000
touched, 1.52, 1.13, 0.09, 1.34, 0.83, -0.28, 10 100000000 000
tough, 0.47, 1.87, 0.02, 0.59, 2.1, -0.0, 10 010000000 000
tranquil, 2.59, 0.69, -2.6, 2.31, 1.0, -2.0, 10 000000000 000
ugly, -0.93, -0.7, -0.6, -1.4, -1.0, -0.0, 10 000100000 000
understanding, 2.05, 1.59, -0.7, 2.36, 2.0, -1.0, 10 010000000 000
unemployed, -0.56, -1.6, -1.2, -1.1, -2.0, -1.0, 10 001000000 000
unfair, -1.75, -0.1, 0.07, -2.5, -1.0, -0.0, 10 010000000 000
unfriendly, -1.83, -1.1, -0.2, -2.3, -2.0, 0.1, 10 010100000 000
ungrateful, -2.1, -1.0, 0.97, -2.3, -1.0, 0.4, 10 010000000 000
unhappy, -2.3, -0.69, -0.65, -2.61, -1.42, -1.07, 10 100010000 000
unhealthy, -1.3, -1.3, -1.1, -1.8, -2.0, -2.0, 10 000100000 000
unique, 1.59, 1.24, 1.56, 2.11, 1.9, 1.8, 10 000100000 000
unlucky, -0.43, -1.3, -0.1, -0.9, -1.0, -1.0, 10 000100000 000
unmotivated, -1.66, -1.9, -1.3, -2.3, -2.0, -1.0, 10 010000000 000
unpopular, -0.81, -1.6, -0.8, -1.0, -1.0, -1.0, 10 000100000 000
unreasonable, -1.16, -0.4, -0.1, -1.9, -1.0, 0.3, 10 010000000 000
unrefined, -0.96, -0.9, 0.49, -1.1, -1.0, -0.0, 10 010000000 000
unreliable, -2.29, -0.9, 0.34, -2.6, -2.0, 0.5, 10 010000000 000
unreserved, -0.03, 0.7, 1.9, 0.06, 0.8, 2.2, 10 010000000 000
unself-conscious, 0.61, -0.3, -1.1, -0.0, -0.0, -2.0, 10 010000000 000
unsuccessful, -0.83, -1.3, -0.3, -1.1, -1.0, 0.1, 10 000100000 000
upset, -1.72, -1.4, -0.1, -1.5, -2.0, 0.2, 10 100000000 000
vain, -1.19, -0.7, 0.7, -2.3, -1.0, 0.5, 10 010000000 000
vanquished, -3.9, -3.0, -1.8, -3.4, -3.0, -2.0, 10 010000000 000
vengeful, -0.67, 0.29, 0.3, -1.3, 0.2, -1.0, 10 010000000 000
violent, -1.95, 0.89, 1.22, -2.8, -0.0, 1.8, 10 010000000 000
vivacious, 1.41, 1.09, 1.79, 2.11, 1.8, 2.3, 10 000100000 000
vulgar, -2.91, 0.09, 2.05, -3.1, -0.0, 1.5, 10 000100000 000
warm, 1.89, 0.98, -0.6, 2.35, 1.7, -1.0, 10 010000000 000
weak, -0.68, -2.1, -1.0, -1.0, -2.0, -1.0, 10 000100000 000
weak-willed, -1.07, -1.5, -0.5, -1.7, -2.0, -0.0, 10 010000000 000
well-organized, 0.39, 0.74, 0.72, 1.07, 1.5, 1.1, 10 010000000 000
widowed, -0.13, -0.7, -1.0, -0.3, -1.0, -1.0, 10 001000000 000
wild, 0.33, 1.64, 2.32, 0.92, 1.5, 2.2, 10 010000000 000
withdrawn, -0.68, -1.4, -1.3, -1.5, -2.0, -1.0, 10 010000000 000
worried, -1.3, -0.35, 0.72, -1.07, -0.49, 0.07, 10 110000000 000
young, 0.57, 0.98, 2.23, 1.29, 1.0, 2.4, 10 001000000 000

