abandon, -2.0, 1.0, 0.36, -2.0, 0.9, 0.3, 01 111111110 000
abuse, -2.63, 1.8, 2.31, -2.8, 2.4, 2.1, 10 101000011 100
acclaim, 1.6, 1.12, 1.08, 1.64, 0.9, 0.2, 10 000100000 010
accommodate, 2.01, 1.85, -1.38, 2.74, 2.27, -1.6, 10 111111111 000
accuse, -0.36, 0.58, 0.92, -0.03, 1.2, 1.16, 10 111111111 010
act as guarantor for, 0.145, 0.76, -0.4, 1.01, 1.7, -1.0, 10 001000000 010
adjudicate, -0.12, 2.15, -1.5, 0.48, 2.7, -2.0, 10 001000000 010
adjust one's opinion for, 0.52, 0.58, -0.5, 1.03, 0.5, 0.0, 10 100000000 000
admire, 0.2, 0.36, -1.6, 0.84, 0.1, -1.0, 01 111111111 100
admonish, 1.36, 1.68, -2.2, 1.04, 1.8, -2.0, 10 011111111 000
adopt, 0.6, 1.08, -1.1, 0.88, 1.4, -1.0, 10 000000010 010
adopt (girl baby), 0.77, 0.74, -0.7, 0.74, 1.2, -1.0, 10 000000010 010
adore, 1.66, 0.88, -1.08, 2.13, 0.8, -1.0, 01 000000111 000
advise, 1.38, 1.21, 0.02, 1.61, 1.8, -1.0, 10 011111110 000
affront, -2.27, 0.05, 1.03, -3.2, -0.02, 1.01, 01 111111111 000
agree with, 1.2, 0.64, 0.0, 0.6, 0.4, 0.1, 10 111111111 000
aid, 2.47, 2.11, -0.0, 2.07, 1.8, -1.0, 10 111111111 000
amuse, 1.24, 0.8, 2.11, 1.32, 1.1, 2.0, 11 111111111 100
analyze, 0.48, 0.76, -1.6, -0.0, 0.7, -2.0, 10 011111110 100
anger, -2.03, 0.48, 1.88, -1.4, 0.6, 1.5, 01 111111111 000
annoy, -1.96, 0.08, 2.63, -1.6, 0.2, 2.6, 01 111111111 000
answer, 0.84, 0.4, -0.3, 0.52, 0.2, -0.0, 10 111111111 000
antagonize, -1.96, 0.68, 1.48, -1.4, 0.8, 1.2, 01 111111111 000
apologize to, 0.68, -0.8, -0.7, 1.08, -0.0, -1.0, 10 111111111 000
appeal to, -0.18, 0.11, 1.0, -0.1, 0.3, 0.9, 10 111111111 000
applaud, 1.48, 0.56, 1.8, 1.4, 1.0, 1.4, 10 111111111 010
appoint, 0.7, 0.33, 0.21, 1.25, 0.8, 1.0, 10 000100000 010
appreciate, 1.88, 1.04, -0.8, 1.28, 0.9, 0.0, 01 111111101 000
apprehend, -0.36, 1.92, 0.72, -0.2, 2.4, 0.4, 10 001000000 001
approach, 0.44, 0.66, -0.24, 0.33, 0.39, 0.21, 10 111111111 010
argue with, 1.66, 1.35, 0.59, 1.51, 1.23, 0.42, 10 111111111 000
arrest, -0.64, 1.84, 1.92, 0.12, 2.1, 1.5, 10 001000000 001
ask, 0.84, -0.1, 0.0, 0.76, 0.0, -0.0, 10 111111111 000
assail, -1.24, 1.24, 2.47, -0.9, 0.5, 2.3, 10 001100110 001
assist, 1.96, 1.88, -0.6, 2.35, 2.3, -1.0, 10 111111111 000
attack, -2.23, 1.8, 2.47, -2.7, 2.4, 2.0, 10 001100010 001
attend to, 1.04, -0.2, -1.6, 1.44, 0.9, -2.0, 10 100000001 000
authorize, 0.42, 1.98, -0.66, 0.99, 2.59, -1.2, 10 011111100 010
avoid, -1.0, -1.1, -0.7, -1.3, -0.0, -1.0, 01 111111110 010
awaken, 0.37, 0.77, 0.25, 0.31, 0.55, 0.15, 10 100000000 000
backstab, -2.75, 0.36, 0.64, -2.6, 1.0, 0.2, 01 011110000 010
ban, -0.95, 1.72, 0.04, -1.26, 2.32, -0.21, 10 010100110 010
bankrupt, -1.94, 1.46, 0.25, -2.3, 2.1, 0.2, 10 010000000 010
be in love with, 1.86, 1.66, 1.28, 2.17, 1.84, 1.76, 01 000000011 001
be kind to, 1.76, 0.76, -0.8, 1.36, 0.7, 0.2, 01 100000000 000
be partial to, -1.4, 0.08, 0.48, -1.8, 0.8, 0.5, 01 100010010 010
be sarcastic toward, -1.68, -0.6, 0.64, -1.6, -0.0, 0.5, 10 100010011 000
be toady to, -2.0, -1.8, 1.68, -1.4, -2.0, 1.7, 10 010110100 000
beat up, -2.19, 1.48, 2.15, -2.2, 1.6, 2.0, 10 001000010 001
beckon, 0.25, 0.22, -0.27, 0.3, 0.58, -0.13, 10 100000011 010
beg, -0.28, -1.3, 0.72, -0.1, -2.0, 0.6, 10 111111111 000
believe, 1.76, 1.44, -1.7, 2.11, 1.6, -2.0, 01 111111111 000
bestow something to, 0.18, -0.3, -0.3, 0.58, -0.0, 0.1, 10 001000010 000
bewilder, -1.32, -0.8, 0.44, -1.0, -0.0, 0.9, 01 111111111 000
bicker with, -0.36, 0.92, 2.31, -0.6, 0.8, 2.2, 10 111111111 000
blackmail, -2.19, -1.0, 1.32, -1.9, -1.0, 1.8, 10 011100000 010
blame, -1.08, 0.96, 1.8, -1.3, 0.9, 1.2, 10 111111111 010
bless, 2.19, 1.0, 0.96, 2.0, 1.0, 0.2, 10 000000100 000
bluff, -1.54, -0.27, 1.49, -2.34, 0.05, 1.38, 01 111100010 000
borrow money from, -1.07, -0.8, 0.09, -1.7, -1.0, 1.0, 10 010000000 000
bow to, 1.03, 0.11, -0.5, 1.73, 0.1, -1.0, 10 010000100 000
break up with, -1.13, 0.18, -0.2, -0.96, -0.13, -0.51, 01 000000001 000
breastfeed, 1.84, 1.52, -1.9, 1.52, 1.5, -2.0, 10 000000010 001
bribe, -1.48, 1.6, -0.6, -2.2, 2.2, -1.0, 10 011100000 110
brush off, -1.08, 0.56, 1.08, -0.8, 0.7, 0.8, 01 100100001 010
brutalize, -2.91, 1.72, 1.64, -3.3, 2.5, 1.5, 10 101100011 001
bully, -2.35, 1.16, 1.88, -2.4, 1.7, 1.7, 10 100100011 001
butter-up, -1.04, -0.9, 1.4, -1.0, -1.0, 1.7, 01 111111111 000
calm, 1.68, 1.64, -2.2, 1.6, 1.7, -2.0, 01 111111111 100
captivate, 0.5, 1.94, 0.38, 0.93, 2.21, 0.7, 01 110111111 000
care for, 2.07, 1.64, -1.7, 2.31, 1.5, -2.0, 10 000001000 101
caress, 1.24, 1.16, -1.5, 0.68, 1.1, -1.0, 10 000000011 001
carry, 0.84, 1.56, 0.48, 1.16, 1.7, 0.1, 10 000001010 001
catch, -0.48, 1.38, 1.44, 0.09, 1.6, 1.1, 10 001000001 001
caution, 0.64, 1.0, 0.24, 0.76, 1.4, -1.0, 10 111111111 100
censure, -1.05, 0.6, 1.15, -1.94, 0.46, 1.6, 10 000100000 010
challenge, 1.72, 1.52, 1.84, 1.28, 1.0, 2.2, 10 111111111 100
charge falsely, -2.79, 0.48, 0.92, -2.8, 0.5, 0.8, 01 001000000 000
charm, 1.28, 1.88, -0.3, 1.24, 1.7, 0.2, 01 111111111 000
chastise, -0.12, 1.56, 0.32, -0.2, 2.03, -0.16, 10 111111111 000
cheat, -2.07, 0.36, 0.36, -2.39, 1.24, 0.72, 01 011100000 000
cheer up, 2.27, 2.03, 0.6, 2.03, 1.8, 0.8, 11 100111111 000
chide, -0.6, 1.48, -0.4, -0.9, 1.3, 0.4, 10 111111111 000
cling to, -0.44, -1.5, 1.12, -0.3, -2.0, 1.1, 10 000000011 001
coach, 1.11, 1.43, 0.49, 2.17, 2.4, 0.45, 10 011111111 010
coax, 1.64, 1.44, 1.56, 1.8, 2.0, 0.5, 01 111111111 100
coerce, -1.89, 1.68, 1.31, -1.87, 2.09, 1.21, 10 111111111 000
comfort, 1.93, 1.03, -1.26, 2.2, 1.41, -1.8, 11 111111111 100
command, 0.0, 2.47, -0.0, -0.5, 2.7, -1.0, 10 011111111 000
commend, 1.28, 0.32, 0.4, 1.44, 0.9, -0.0, 10 011111111 010
compensate, 0.0, -0.5, -0.5, 0.2, -1.0, 0.0, 10 010100000 010
compete with, 1.44, 1.47, 1.89, 0.99, 1.42, 2.19, 10 010110010 010
compromise with, -0.18, -0.4, -0.8, -0.2, -1.0, -1.0, 10 011100010 000
conduct, 1.14, 1.68, -0.57, 0.81, 1.83, -0.69, 10 010000100 000
confine, -2.17, 0.9, 0.87, -2.68, 1.36, 0.46, 10 001101010 001
confound, -1.16, 0.76, 2.11, -0.8, 0.4, 1.8, 01 111111111 000
confuse, -1.47, 0.38, 0.88, -1.58, 0.49, 0.72, 01 111111111 100
contact, 0.5, 0.28, 0.18, 1.16, 0.7, 1.0, 01 100000000 000
control, -0.36, 2.03, -1.4, -0.6, 2.0, -1.0, 01 011100010 100
convict, 1.25, 1.3, -0.11, 1.14, 1.44, -0.17, 10 001000000 010
convince, 1.2, 1.8, -1.3, 0.96, 1.6, -2.0, 01 111111111 100
correspond with, 0.59, 0.4, -0.4, 1.16, 0.8, 0.3, 10 110000010 000
corrupt, -1.97, 0.45, 0.36, -2.97, 0.94, 0.03, 01 011111111 000
counsel, 1.02, 1.26, -1.7, 0.78, 1.3, -1.0, 10 011111111 000
court, 1.6, 1.08, 0.72, 1.0, 1.1, 0.3, 01 100000001 010
covet, -1.8, -1.2, -0.2, -1.4, -1.0, 0.3, 01 000000001 000
criticize, -0.28, 1.44, 1.2, -0.2, 1.4, 0.7, 10 111111111 100
cross-examine, -1.08, 1.48, 1.12, -1.12, 1.64, 0.48, 10 001000000 010
cuddle, 0.78, -0.3, -1.4, 0.6, -1.0, -1.0, 10 000000011 001
cure, 0.69, 1.38, -0.7, 0.9, 1.3, -1.0, 10 000001000 100
curry favor from, -1.58, -1.8, 0.9, -1.4, -2.0, 0.7, 11 111111111 000
curse, -2.47, 0.16, -1.8, -2.4, 0.2, -0.0, 10 111111111 100
cut off relations with, -1.17, 0.81, 0.12, -1.2, 1.5, 0.1, 10 000100000 000
cut the pay of, -1.09, 1.11, -0.4, -1.8, 1.5, -1.0, 10 010000000 000
dance with, 0.96, 0.6, 2.43, 0.68, 0.4, 2.0, 10 100000111 011
debate with, 1.72, 1.54, 1.13, 1.29, 1.68, 1.87, 10 111111110 000
deceive, -2.55, 0.44, 0.12, -2.6, 0.8, 0.6, 01 111111111 000
defy, 0.31, 0.87, 1.43, -0.63, 0.51, 1.9, 10 011111110 000
delay, -1.06, 0.28, 0.61, -1.59, 0.06, -0.06, 01 011111110 000
delay payment to, -1.37, -0.3, -0.3, -1.8, -0.0, -0.0, 01 010000000 000
delight, 1.56, 1.44, 1.68, 1.24, 1.3, 2.0, 01 111111111 100
demote, -1.31, 1.2, -0.3, -1.7, 1.5, -1.0, 10 010000000 000
denounce, -0.88, 0.58, 1.42, -2.25, 0.8, 1.56, 10 111111111 010
deprecate, -2.23, 0.08, 1.2, -2.0, 0.2, 1.3, 10 111111111 100
depress, -1.52, 0.56, -0.8, -1.6, 1.0, -0.0, 01 000001100 100
deride, -1.26, -0.3, 1.5, -1.1, 0.2, 1.5, 10 111111111 010
despise, -1.95, -0.35, 0.5, -2.48, 0.07, 0.5, 01 111111111 100
detest, -2.19, 0.2, 0.64, -1.7, 0.7, 0.2, 01 111111111 000
direct, 0.16, 1.8, 0.24, 0.24, 2.2, -1.0, 10 011111111 000
disappoint, -1.72, -0.25, -0.14, -2.48, -0.5, 0.28, 01 111111111 100
disbelieve, -0.52, -0.23, -0.57, -1.56, -1.05, 0.08, 01 111111111 000
discipline, -0.09, 1.17, 0.24, -0.2, 1.5, -0.0, 10 011111111 100
discomfort, -1.92, 0.2, 1.24, -2.2, 0.3, 1.2, 01 100001000 000
discourage, -1.68, 0.12, -0.5, -1.7, 0.6, -0.0, 10 111111111 100
discredit, -2.32, -0.12, 1.24, -3.27, 0.21, 0.96, 10 111111111 010
discriminate against, -2.67, 0.76, 0.32, -2.9, 1.0, 0.6, 01 011111111 010
disgrace, -2.44, 0.55, 1.13, -2.8, 0.7, 1.05, 01 111111111 010
dismiss, -0.36, 0.84, -1.1, -0.3, 1.2, -1.0, 10 001110000 000
disobey, -1.36, 0.04, 0.48, -1.5, 0.2, 0.8, 10 011111111 000
disparage, -2.43, -1.1, 1.32, -2.3, -1.0, 1.6, 10 111111111 010
dispatch something to, 0.36, 0.21, 0.24, 0.85, 0.6, 0.2, 10 010000000 010
display intentions to, 0.14, 0.31, 0.22, -0.3, 0.3, -0.0, 10 100000000 000
dispute, 0.68, 1.44, 1.8, 0.2, 1.2, 1.9, 10 111111111 010
distrust, -1.34, -0.81, -0.34, -1.53, -1.3, 0.1, 01 111111111 100
disturb, -1.19, -0.09, 0.81, -2.26, -0.03, 1.62, 01 111111111 010
divorce, -1.24, 0.04, 0.52, -0.9, 0.5, 0.0, 10 000000001 010
do best to conform to wishes of, 1.95, 1.21, 1.48, 2.05, 1.0, 2.1, 01 100000000 000
doubt, -1.36, -0.2, -0.8, -1.2, -0.0, 0.1, 01 111111111 100
draw near to, 1.04, -0.4, -1.9, 0.8, -1.0, -1.0, 10 110000111 000
dress, 0.44, 0.32, -1.0, 0.64, 0.5, -1.0, 10 000001010 101
drive out, -1.6, 1.48, 1.44, -1.4, 1.6, 0.8, 10 011111110 010
drug, -2.15, 0.56, 0.03, -2.75, 0.58, 0.15, 10 001001000 000
educate, 1.28, 1.8, -0.5, 1.48, 2.0, -1.0, 10 011111111 100
embarrass, -2.19, 0.2, 1.44, -1.8, -0.12, 1.8, 01 111111111 010
embrace, 1.64, 2.19, -1.8, 1.16, 1.4, -1.0, 10 100000011 001
employ, 0.76, 1.56, -0.6, 0.64, 2.0, -1.0, 10 010000000 000
emulate, 1.12, -0.7, -0.4, 1.4, -0.0, -0.0, 01 111111111 010
enchant, 0.0, 0.57, 0.57, -0.5, 0.8, 0.8, 01 100100011 000
encourage, 2.16, 1.88, -0.11, 3.05, 2.19, -0.35, 10 111111111 100
enlist informal consent of, 0.23, 0.39, -0.2, 0.86, 0.6, -0.0, 10 100000000 000
enrage, -1.76, 0.8, 1.68, -2.2, 0.86, 2.13, 01 111111111 100
ensnare, -2.67, 1.04, -0.6, -2.6, 1.5, -0.0, 01 010100000 000
entertain, 1.4, 1.04, -0.4, 1.56, 1.0, 0.2, 01 110110011 100
entrust, 0.64, 0.12, -1.2, 0.24, -0.0, -1.0, 01 000100000 010
entrust decision to, -0.05, -0.1, -0.3, -0.1, -0.0, 0.1, 10 110100000 000
envy, -1.4, -1.4, 0.48, -1.0, -1.0, 0.4, 01 111111111 010
escort, 0.78, -0.2, -1.2, 1.08, 0.7, -1.0, 10 001100011 010
esteem, 1.84, 1.2, -1.8, 1.96, 1.0, -2.0, 01 111111111 100
examine, -0.04, 0.6, -1.0, -0.3, 1.2, -1.0, 10 100001011 100
excite, 0.32, 1.4, 2.03, -0.1, 1.2, 1.7, 01 100000011 101
exclude, -1.84, 1.68, 0.96, -2.1, 1.9, 0.4, 10 100100001 010
excuse, -0.14, 1.11, -0.21, 0.44, 2.08, -0.59, 10 111111111 000
execute, -2.31, 2.43, -0.7, -1.8, 3.1, -0.0, 10 001000000 001
expel, -1.56, 1.84, -0.2, -1.2, 2.3, -1.0, 10 111111111 010
explain something to, 1.08, 1.05, -0.7, 1.0, 0.7, -1.0, 10 111111111 000
express remorse to, -0.13, -0.2, -0.2, 0.27, 0.1, 0.0, 10 100000100 000
express true intentions to, 1.13, 0.75, 0.56, 1.34, 1.0, 0.9, 10 100000100 000
extort, -3.03, 0.64, 0.96, -3.0, 1.7, 1.1, 10 010000000 010
eye, -0.21, -0.8, -0.6, -0.3, -0.0, 0.2, 10 100001011 000
fail, -1.12, 1.2, -0.6, -1.5, 2.0, -0.0, 10 000010000 000
fall for, 1.44, 1.23, 0.09, 1.08, 0.42, 0.6, 01 000000001 000
fall in love with, 1.19, 0.67, 1.92, 0.94, 0.8, 2.2, 01 000000001 000
falsely charge, -2.1, 0.36, 0.69, -2.1, 0.4, 0.6, 01 001100000 010
fascinate, 0.0, 0.76, 0.76, -0.6, 1.1, 1.1, 01 100000011 000
favor, -1.05, 0.06, 0.36, -1.4, 0.6, 0.4, 01 100110011 010
fear, -0.91, -0.99, 0.1, -1.09, -2.06, 0.32, 01 111111111 000
feed, 1.08, 0.84, -0.8, 0.92, 1.2, -1.0, 10 100001010 101
feel obligated to, 1.13, 0.53, -0.5, 0.79, 0.0, -1.0, 01 100000000 000
feel sympathy for, 0.61, 0.35, -0.3, 0.29, 0.3, -1.0, 01 100000000 000
fight, 0.0, 1.92, 2.31, -0.8, 1.7, 1.7, 10 101100011 001
fire __ from a job, -1.4, 1.38, 0.05, -2.0, 1.8, -1.0, 10 010000000 000
flatter, -0.32, -0.3, 1.52, -0.8, -1.0, 1.6, 10 111111111 000
flirt with, -0.24, -0.26, 2.05, -0.45, 0.1, 2.18, 10 000000001 000
flog, -2.07, 1.56, 1.96, -2.1, 2.1, 1.4, 10 001000000 101
fluster, -1.48, 0.84, 1.08, -1.2, 1.0, 0.5, 01 111111111 000
follow, -0.08, -1.0, -0.8, -0.1, -2.0, -1.0, 10 101000011 000
fondle, 1.24, 1.08, -0.17, 1.9, 1.2, -0.11, 10 000000011 101
force retirement on, 0.82, 0.39, 0.28, 1.43, 0.6, 0.3, 10 010000000 010
forestall, -1.2, 1.0, 1.52, -1.3, 0.6, 0.9, 01 010100000 000
forgive, 1.6, 1.64, -1.9, 2.15, 1.7, -2.0, 01 100000111 100
forsake, -2.27, 0.04, -0.5, -2.2, 0.6, 0.1, 01 100100110 000
frighten, -0.6, 0.66, 1.47, -0.5, 0.6, 1.4, 01 101000111 100
frisk, -1.19, 0.68, 0.37, -1.16, 1.48, 0.43, 10 001000000 001
frown at, -1.32, -0.4, 0.04, -1.0, 0.2, -0.0, 10 111111111 000
get even with, -1.52, 0.52, 1.24, -1.6, 0.0, 1.4, 01 110100010 000
give instructions to, 0.4, 1.29, 0.24, 0.5, 1.9, -0.0, 10 111111111 000
give know-how to, 1.04, 1.4, -0.9, 1.2, 1.4, -1.0, 10 010111011 000
give medical treatment to, 1.69, 1.54, -1.4, 1.96, 2.0, -2.0, 10 000001000 000
give reception for, 0.09, 0.11, -0.3, 0.65, 0.2, 0.0, 10 100110000 000
give something to (humble), 0.55, -0.1, -0.1, 0.92, 0.1, -0.0, 10 100000000 000
give something to (pejorative), 0.64, 0.79, 0.19, 0.87, 1.3, 0.1, 10 100000000 000
gladden, 2.07, 1.68, -0.2, 1.56, 1.3, -1.0, 01 100100011 000
glare at, -1.12, 0.6, -0.8, -1.0, 0.5, -0.0, 10 111111111 000
grapple with, -0.52, 1.92, 2.63, -0.3, 1.7, 1.9, 10 101001001 001
gratify, 2.16, 1.94, 0.11, 2.68, 2.06, 0.03, 01 100100011 100
greet, 1.72, 0.24, -0.7, 1.52, 0.2, 0.0, 10 111111110 000
grieve for, 0.16, 0.04, -1.54, 0.43, -0.8, -1.7, 01 000000110 000
grouse to, -1.26, -0.5, 0.48, -1.2, -0.0, 0.4, 10 110000011 000
guide, 1.33, 0.58, 0.27, 1.73, 1.1, 0.2, 10 111111111 000
haggle with, 0.25, 0.57, 0.84, 0.67, 0.4, 1.6, 10 111111111 000
hand down decision, 0.06, 2.01, -1.5, 0.33, 2.0, -1.0, 10 001100000 010
handcuff, -0.8, 1.76, -0.2, -0.5, 2.1, -0.0, 10 001000000 001
harm, -2.19, 1.12, 1.68, -2.2, 1.3, 1.5, 10 101101011 100
hate, -1.4, 0.36, 0.28, -1.8, 0.4, 0.9, 01 100100000 100
have an affair with, 2.04, 1.41, 0.96, 2.09, 1.4, 1.29, 01 000000001 000
have heart-to-heart talk with, 1.47, 1.04, 0.13, 1.53, 1.2, 0.5, 10 100000010 000
have sex with, 0.64, 1.28, 1.48, -0.2, 0.6, 0.6, 10 000000001 101
heal, 1.72, 1.28, -2.1, 1.68, 1.4, -2.0, 10 000001110 100
help, 1.8, 0.48, -0.2, 2.0, 0.6, -0.0, 10 111111111 100
honor, 1.6, 0.0, -1.5, 1.44, 0.2, -1.0, 10 011110110 010
hoot at, -1.84, -0.2, 2.79, -1.9, 0.2, 2.4, 10 100100110 010
horrify, -1.23, 0.59, 0.13, -1.64, 1.12, 0.66, 01 100100011 100
hug, 1.44, 2.07, -0.2, 1.04, 1.4, -0.0, 10 100000011 001
humiliate, -2.17, 0.44, 1.08, -2.72, -0.2, 1.17, 01 111111111 000
humor, 1.12, 0.12, -0.8, 1.28, 1.0, -1.0, 01 111111111 000
idolize, -0.67, -0.37, 0.23, -0.65, -0.57, 0.42, 01 100000111 000
ignore, -2.0, 0.48, -2.0, -2.1, 0.9, -1.0, 11 100100011 010
imitate, -0.24, -0.4, 1.04, -0.2, -1.0, 0.8, 10 110000011 000
impassion, 0.64, 1.2, 2.23, 0.84, 1.2, 2.0, 01 000110101 000
imprison, -1.98, 1.44, -0.2, -1.8, 1.7, -0.0, 10 001000000 010
incarcerate, -2.63, 1.92, -0.24, -2.43, 2.27, -0.24, 10 001000000 010
incriminate, -0.72, 0.16, 0.18, -1.58, 0.68, 0.22, 10 001000000 010
indoctrinate, 0.66, 1.09, -0.05, 1.32, 1.87, -0.5, 10 000100111 000
influence, 1.3, 2.19, 0.2, 1.51, 2.9, -0.05, 01 111111111 000
inform, 0.6, 1.52, -0.6, 0.52, 1.8, -1.0, 10 111111111 100
inject __ with medicine, -0.07, 0.49, -0.2, 0.28, 0.8, -1.0, 10 000001000 101
injure, -2.17, 0.85, 1.4, -2.77, 0.98, 1.85, 10 101001011 101
inquire after, 1.8, -0.0, -1.6, 1.44, 0.6, -1.0, 10 111111110 010
inquire of, 0.64, -0.2, -0.6, 0.44, -0.0, -0.0, 10 111111111 010
inspect, -0.64, 1.04, -0.6, -0.3, 1.6, -1.0, 10 001111011 100
inspire, 1.47, 1.32, -0.1, 1.68, 1.3, -1.0, 01 100110110 000
inspirit, 1.96, 1.76, -0.2, 2.23, 1.7, -1.0, 01 100000100 000
instigate, 0.15, 1.14, -1.0, 0.24, 1.2, -1.0, 01 100000000 000
insult, -2.51, 0.84, 1.32, -2.5, 0.3, 1.1, 10 111111111 000
interfere with, -1.52, 1.12, 1.28, -1.5, 1.4, 0.6, 01 010111000 010
interrogate, -1.32, 1.56, -0.2, -1.0, 1.9, -0.0, 10 001000000 000
interrupt, -1.46, 0.8, 0.65, -1.42, 0.92, 1.3, 10 111111111 100
interview, 0.5, 0.46, -0.2, 1.0, 0.9, -1.0, 10 011011000 000
intimidate, -0.83, 0.86, 1.34, -1.21, 0.02, 0.29, 01 101100011 000
invite, 1.01, 0.85, 0.31, 1.46, 1.4, 0.3, 10 110010111 010
irritate, -1.84, 0.08, 1.68, -1.3, -0.0, 1.0, 01 111111111 100
jeer, -1.32, -0.8, 2.07, -1.3, -0.0, 2.2, 10 100100001 000
jest, 0.8, 0.2, 1.84, 0.64, 0.36, 1.84, 10 111111111 000
keep hanging, -1.28, -0.2, -0.4, -0.9, 0.3, 0.2, 01 111111111 000
keep up contacts with, 0.57, 0.51, 0.04, 1.12, 0.9, 0.6, 10 110111110 000
kick, -1.72, 1.12, 1.92, -1.8, 1.2, 1.6, 10 001000000 001
kill, -3.15, 2.03, 0.88, -3.2, 3.0, 0.7, 10 001100000 101
kiss, 1.36, 1.19, 0.6, 1.51, 1.09, 0.32, 10 000000011 001
lay-off, -1.03, 0.75, -0.3, -1.4, 1.9, -1.0, 10 010000000 000
lead astray, -1.88, 0.16, 0.76, -2.1, 0.7, 1.0, 01 100000111 000
liberate, 0.8, 1.68, -1.0, 0.84, 1.7, -1.0, 10 000100000 010
lie to, -2.19, -0.7, 0.56, -2.0, -0.0, 0.9, 01 111100011 000
like, 0.6, 1.23, -1.1, 0.27, 1.0, -1.0, 01 111111111 100
look at, 1.04, -0.2, -1.9, 0.36, 0.4, -1.0, 10 111111111 100
love, 2.31, 2.35, -0.9, 2.19, 1.8, -1.0, 01 100000011 000
lure, -0.32, 1.2, 0.04, -0.9, 1.2, -0.0, 01 111100001 000
make a fool of, -1.35, 0.54, 1.41, -1.53, 0.21, 1.02, 01 100100001 010
make application of, 0.01, 0.65, 0.27, 0.09, 0.8, 0.6, 10 100000000 010
make arrangements with, 0.54, 0.35, -0.1, 1.06, 0.8, 0.5, 10 111111111 000
make business call upon, 0.54, 0.34, 0.32, 0.88, 0.5, 0.9, 10 010000000 000
make business proposal to, 1.02, 0.91, 0.16, 1.34, 1.5, 0.0, 10 010000000 000
make business report to, 0.57, 0.12, 0.3, 0.84, 0.2, 0.8, 10 010000000 000
make courtesy call on, 0.5, -0.1, -0.0, 1.26, -0.0, 0.8, 10 010001100 000
make eyes at, -0.28, -1.1, -0.8, -0.4, -0.0, 0.2, 10 000000001 000
make fool of, -1.8, 0.72, 1.88, -2.0, 0.3, 1.4, 10 100000001 010
make fun of, -1.68, -0.4, 2.0, -1.4, 0.3, 2.0, 10 100000011 000
make happy, 1.72, 1.44, 2.03, 1.68, 1.0, 1.9, 01 110100111 100
make lose face, -1.76, 0.4, 0.44, -1.9, 0.5, 0.5, 10 111111111 010
make swoon, -1.44, 1.32, 1.36, -1.4, 1.2, 0.9, 10 100000001 000
make undress, 0.04, 0.92, 0.0, -0.7, 1.0, 0.3, 10 000001011 001
marry, 1.6, 1.52, 0.48, 1.2, 1.4, 0.2, 10 000000001 010
massacre, -2.76, 1.77, 1.44, -2.7, 2.1, 0.9, 10 000100000 010
massage, 0.8, 0.44, -1.0, 0.88, 0.5, -1.0, 10 110001011 101
merrymake with, -0.14, 0.4, 1.67, -0.2, 0.2, 2.0, 10 100000011 000
misinform, -1.68, -0.38, 0.72, -1.86, -0.43, 1.04, 01 110100010 000
nag, -2.17, -0.31, 1.77, -3.14, 0.35, 1.88, 10 100000011 000
neglect, -2.36, -0.4, -0.06, -3.15, -0.66, -0.03, 01 111111111 110
negotiate with, 0.58, 0.68, 0.17, 1.31, 1.1, 0.6, 10 111111111 000
negotiate with2, 0.37, 0.63, -0.1, -0.2, 0.6, 0.9, 10 111111111 000
nurse, 2.15, 0.8, -1.8, 2.31, 1.4, -2.0, 10 000001010 000
nuzzle, -0.24, -1.4, -0.2, -0.6, -1.0, 0.5, 10 000000011 001
obey, -1.27, -1.38, -0.62, -0.99, -1.6, -0.89, 10 111111111 000
observe, -0.08, 0.16, -2.1, -0.0, 0.7, -2.0, 10 111111111 100
obstruct, -1.76, 1.28, 1.44, -2.1, 1.1, 1.4, 10 111111111 011
oppose, -0.12, 1.04, 1.2, -0.3, 1.2, 1.0, 10 111111111 010
ostracize, -2.45, 0.08, 0.67, -3.3, 0.24, 1.57, 01 100100110 010
overestimate, -0.92, -0.6, 0.8, -0.9, -0.0, 0.5, 01 011110000 100
overpower, -1.2, 2.67, -0.8, -1.0, 2.6, -1.0, 10 001101011 001
overrate, -0.55, -0.2, 0.47, -0.1, 0.2, 0.9, 01 111110000 000
overwork, -1.65, 1.06, 0.1, -2.2, 1.6, 0.2, 01 010110010 100
page, 0.51, -1.0, -0.7, 0.48, -1.0, -1.0, 10 011001000 010
pass sentence on, 0.08, 2.67, -2.0, 0.44, 2.7, -2.0, 10 001000000 010
pay __ for something, 0.2, 0.0, -0.6, 0.32, 0.16, -0.4, 10 010000000 000
pay money to, 0.21, 0.17, 0.02, 0.44, 0.3, 0.3, 10 110000000 000
permit, 1.2, 1.23, -1.4, 1.62, 1.3, -1.0, 10 111111111 000
persecute, -2.83, 1.96, 1.12, -2.8, 2.6, 1.3, 01 001100100 000
persuade, 1.04, 1.76, -1.1, 0.96, 1.5, -1.0, 01 111111111 100
pet, 1.68, 0.88, -0.5, 1.28, 1.2, -0.0, 10 000000011 001
photograph, 0.52, -0.4, -0.1, 0.32, 0.2, 0.4, 10 100000010 000
physically examine, -0.44, 0.92, -0.3, -0.4, 0.7, 0.1, 10 000001011 101
physically rehabilitate, 1.88, 1.64, -0.92, 2.07, 1.84, -1.32, 01 000001000 100
place order with, 0.13, 0.47, 0.16, 0.14, 1.0, 0.5, 10 010000000 000
play with, 1.16, 0.4, 2.23, 0.96, 0.4, 1.9, 10 100000011 100
please, 1.8, 1.32, 1.44, 1.84, 1.0, 1.0, 01 111111111 100
plot against, -1.0, 0.28, -0.5, -1.4, 0.8, -0.0, 01 100100000 010
plunder, -2.16, 1.41, 1.56, -2.2, 1.4, 1.4, 10 000100000 000
poison, -2.95, 0.48, -1.4, -3.5, 1.9, -1.0, 01 101001010 100
poll, -0.48, 0.78, -0.4, -0.2, 1.2, -1.0, 10 010100000 010
pour liquor for, 0.52, -0.7, -0.9, 0.24, -1.0, 0.4, 10 100000000 100
praise, 1.68, 1.24, 0.08, 1.6, 1.2, -1.0, 10 111111111 000
preach to, 0.04, 1.36, -0.1, 0.04, 1.6, -1.0, 10 000100110 000
presell consensus to, -0.77, 0.55, -0.6, -1.1, 0.6, -0.0, 10 000100000 010
promote, 0.93, 1.36, -1.0, 1.87, 2.2, -1.0, 10 010000000 010
propose to, 1.4, 1.48, 0.48, 1.12, 1.1, 0.0, 10 000000001 000
protect, 1.4, 1.48, -0.8, 1.68, 1.4, -1.0, 10 101101010 010
punish, -1.2, 2.11, -0.2, -1.2, 2.5, -1.0, 10 111111111 100
pursue, 0.0, 0.36, 0.28, -0.4, 0.6, 0.2, 10 001101001 000
put to bed, 0.64, 0.48, -2.0, 0.72, 0.7, -2.0, 10 000001010 001
put up a smoke screen before, -0.96, 0.26, -0.1, -1.1, 0.8, 0.4, 01 100000000 000
quarrel with, -0.76, 1.04, 2.35, -0.6, 0.8, 2.1, 10 111111111 000
question, -0.99, 1.17, -0.2, -0.8, 1.4, -0.0, 10 111111111 000
quiet, 0.52, 1.4, -1.6, 0.8, 1.6, -2.0, 10 111111111 000
raise the pay of, 1.1, 1.18, -0.0, 1.82, 2.0, 0.3, 10 010000000 000
rape, -3.19, 2.27, 2.71, -3.6, 2.9, 2.2, 10 100000001 001
rear, 1.05, 1.2, -0.7, 1.26, 1.4, -1.0, 01 000000010 000
rebuff, -0.92, 1.0, 0.04, -0.7, 1.1, 0.0, 10 100100101 010
rebuke, -1.88, -0.0, 1.4, -1.8, 0.5, 1.6, 10 111111111 000
receive something from (honorific), 0.39, 0.15, -0.1, 0.77, 0.0, 0.1, 10 100000000 000
receive something from (normal), 0.27, 0.12, 0.19, 0.39, -0.0, 0.3, 10 100000000 000
reduce price for customer, 0.66, 0.55, 0.46, 1.05, 1.0, 1.3, 10 010000000 000
reform, 0.92, 1.84, -0.9, 1.2, 1.7, -1.0, 01 101000110 100
refresh, 1.52, 0.88, -0.9, 1.68, 1.2, -0.0, 10 100000010 100
refuse, -0.48, 1.08, -0.5, -0.2, 1.1, -1.0, 10 111111111 000
refute, 0.04, 2.0, 1.24, 0.08, 1.4, 1.1, 10 001110100 010
rehabilitate, 1.88, 1.64, -0.9, 2.07, 1.8, -1.0, 01 001000110 000
reject, -1.16, 0.76, -0.2, -1.4, 1.4, 0.0, 01 100100011 010
relax, 2.11, 1.96, -1.8, 2.03, 1.8, -2.0, 01 111111111 100
renounce, -0.57, 1.65, 0.9, -1.7, 2.06, 1.01, 10 100100110 010
repay debt of gratitude to, 1.64, 1.02, -0.1, 1.44, 0.8, -0.0, 10 100000000 000
reply to, 0.452, 0.05, -0.2, 0.87, 0.1, 0.2, 10 111111111 000
reprimand, -0.33, 1.23, -0.2, -0.9, 1.4, -0.0, 10 111111111 000
reprove, 0.8, 1.64, -1.4, 0.36, 1.3, -1.0, 10 111111111 100
rescue, 2.59, 2.27, 0.88, 2.59, 1.96, -0.36, 10 101101010 010
resist, -0.36, 0.64, 1.92, -1.0, 0.4, 2.1, 10 111111011 001
respect, 2.07, 0.88, -1.4, 2.03, 0.2, -2.0, 01 111111111 100
restrain, 0.11, 1.6, -0.08, 0.0, 2.02, -0.26, 10 001001011 101
reveal what's on one's mind to, 0.73, 0.64, 0.17, 0.59, 0.7, 0.7, 10 100000000 000
revile, -2.15, 0.32, 1.92, -2.2, 0.8, 1.9, 01 111111111 100
rib, -1.68, -0.5, 0.6, -1.1, 0.1, 0.9, 10 110110011 000
ridicule, -2.31, 0.68, 0.96, -1.9, 0.5, 0.6, 10 111111111 000
rob, -2.75, 1.08, 1.96, -3.0, 1.8, 1.9, 10 111000000 000
sadden, -1.92, 0.68, -1.1, -1.8, 0.8, -0.0, 01 111111111 000
save, 2.67, 2.19, -0.2, 2.59, 2.2, -1.0, 10 101101110 100
scare, -2.27, 1.73, 1.35, -3.04, 1.81, 0.9, 01 111111111 100
scold, -0.28, 1.44, 1.52, -0.2, 1.6, 0.4, 10 111111111 000
scorn, -2.35, 0.12, 0.12, -2.4, 0.4, -0.0, 01 111111111 000
seduce, -0.64, 0.12, 0.96, -1.0, -1.0, 0.5, 01 000000001 001
seek advice from, 0.48, -1.2, -0.3, 0.58, -1.0, 0.2, 10 111111111 000
sell to, 0.36, 0.59, 0.64, 0.61, 0.6, 1.0, 10 010000000 000
send packing, -1.32, 1.4, 1.8, -1.9, 1.6, 1.8, 10 100000011 010
serenade, 1.16, 1.24, 1.52, 0.92, 0.3, 0.7, 10 000000011 000
serve, 0.12, -1.4, -1.1, 0.24, -2.0, -1.0, 10 110100010 100
shaft, -2.43, 0.2, 1.32, -2.7, 0.6, 1.2, 01 111110010 000
shame, -2.59, 0.88, 1.16, -2.6, 1.6, 0.8, 01 111111111 000
shelter, 0.32, 0.36, -1.4, 0.8, 1.1, -1.0, 10 101100010 010
shield, 1.05, 1.11, -0.6, 1.26, 1.0, -1.0, 10 001100000 010
shock, -0.68, 1.06, 1.06, -0.45, 0.95, 1.89, 01 111111111 000
shun, -1.1, -0.6, -0.2, -1.5, -1.0, 0.2, 01 100100111 010
single out for duty, 0.14, 0.98, 0.1, -0.3, 0.6, 0.4, 10 000100000 010
slander, -2.39, -0.1, 1.84, -2.3, 0.9, 1.4, 01 011111100 010
slay, -3.59, 2.07, 1.88, -3.6, 2.8, 1.2, 10 101000000 101
sleep with, 0.68, 0.56, -1.3, 0.08, 0.4, -0.0, 10 000000001 001
slight, -1.84, -0.2, 0.2, -2.0, 0.5, 0.6, 01 110100010 000
smile at, 1.84, 0.91, -1.14, 2.11, 0.61, -0.8, 10 111111111 000
snear at, -2.07, 0.16, 1.32, -2.2, 0.6, 0.6, 10 111111111 000
snoop on, -1.14, -0.5, 0.09, -1.2, 0.3, 0.8, 10 100000010 010
snub, -1.6, 1.44, -0.2, -1.4, 1.3, -0.0, 01 100100000 010
socially rehabilitate, 2.23, 1.8, -1.4, 1.6, 2.2, -2.0, 01 000101100 010
soothe, 1.2, 1.12, -1.6, 1.36, 1.2, -2.0, 10 111111111 100
speak ill of, -1.92, 0.12, 1.28, -1.9, 0.6, 1.6, 01 110100000 010
speak to, 0.56, 0.4, 0.24, 0.84, 0.4, 0.3, 10 111111111 000
spoil, -1.4, -0.2, -0.0, -1.1, 0.0, 0.0, 01 000000010 000
spurn, -1.36, -0.6, -0.2, -1.0, -1.0, -0.0, 01 100100101 010
startle, -1.24, 0.32, 1.36, -0.9, 0.9, 1.5, 01 111111111 000
stop, -0.64, 1.76, -0.4, -0.6, 2.3, -1.0, 10 111111111 100
stop dealing with, -0.47, 0.46, 0.2, -0.5, 1.0, 0.3, 10 110100000 000
strangle, -3.31, 2.07, 0.88, -3.3, 2.7, 0.8, 10 101000000 001
strip, -0.56, 1.4, 1.08, -1.4, 1.4, 0.6, 10 001001001 101
stroke, 1.08, 0.12, -1.7, 0.68, 0.6, -1.0, 10 000001011 101
succor, 1.26, 0.66, -0.4, 0.96, 0.9, -0.0, 01 000001011 000
suggest to, 1.04, 1.28, -1.0, 0.76, 1.4, -2.0, 10 111111111 000
supervise, 0.76, 2.31, -1.6, 0.44, 2.0, -1.0, 10 111111110 010
support, 1.57, 0.82, 1.26, 1.96, 1.4, 1.6, 10 110101010 010
suspect, -1.68, -0.3, -0.2, -1.4, -0.0, -0.0, 01 111111111 000
swindle, -1.91, 0.27, 0.01, -2.3, 0.6, 0.9, 01 010000000 000
tag after, -1.6, -1.0, 1.12, -1.6, -1.0, 1.5, 10 100000010 000
take responsibility for, 1.69, 1.5, -0.2, 2.03, 2.0, -0.0, 10 001000000 010
taunt, -1.2, -0.5, 2.11, -1.1, -0.0, 2.0, 10 111100111 000
teach, 1.52, 1.76, -0.8, 1.68, 1.9, -1.0, 10 111111111 100
team with, 1.96, 2.03, 0.32, 2.15, 1.5, 0.3, 10 010110000 010
terrorize, -2.81, 1.12, 1.41, -3.4, 1.79, 1.04, 01 001100000 100
thank, 1.88, 0.52, -1.7, 2.11, 0.5, -1.0, 10 111111111 000
thrash, -2.43, 1.8, 1.92, -2.6, 2.1, 1.6, 01 001000010 001
threaten, -2.03, 1.84, 0.12, -2.5, 2.2, 0.4, 10 111111111 000
thrill, 0.75, 1.45, 1.14, 0.1, 1.59, 0.89, 01 100000011 000
throttle, -2.83, 1.56, 1.16, -3.1, 2.4, 0.7, 10 101000000 001
tickle, 0.04, -0.8, 1.68, -0.1, -0.0, 2.0, 10 000000011 001
tire, -1.8, 0.24, 1.24, -1.4, 0.6, 1.7, 01 100001011 100
torture, -2.95, 1.68, 1.6, -3.1, 2.8, 1.0, 10 001000000 101
train, 0.77, 1.24, 0.49, 0.95, 1.6, 0.8, 10 111111111 000
transact business with, 0.13, 0.6, 0.24, 0.74, 1.3, 0.8, 10 010000000 000
transfer to another office, -0.69, 1.08, -0.2, -0.7, 1.9, -0.0, 10 001101000 010
trap, -1.69, 0.33, -0.11, -3.12, 0.68, 0.17, 01 011100000 000
treat minor injury for, 1.8, 0.86, -1.2, 1.75, 0.1, -2.0, 10 100001000 000
trick, -1.36, 0.12, 1.8, -1.4, 0.2, 2.2, 01 111100010 000
trouble, -2.03, 0.84, 1.8, -2.0, 1.0, 1.5, 01 111111111 000
trust, 1.51, 1.1, -0.69, 2.33, 1.45, -1.2, 01 111111111 100
underestimate, -1.13, -0.1, 0.05, -1.6, -0.0, -0.0, 01 111111000 100
underrate, -1.48, -0.3, 0.36, -1.8, 0.3, 0.5, 01 100000000 000
understand, 2.19, 1.84, -1.9, 1.76, 1.4, -2.0, 01 111111111 000
undertake a challenge from, 1.08, 1.48, 1.53, 1.21, 1.6, 1.9, 10 100000000 010
undervalue, -1.48, -0.2, 0.12, -1.5, -0.0, 0.4, 01 111111111 100
undress, -0.42, 1.2, 0.61, -1.2, 1.22, 1.09, 10 000001011 101
urge, 2.23, 2.07, 0.16, 2.15, 2.0, -1.0, 10 111111111 000
use, -1.16, 0.56, -0.2, -2.0, 0.9, -0.0, 01 111100100 010
victimize, -2.79, 1.68, 2.31, -3.2, 2.4, 2.1, 10 011000001 000
violate, -2.22, 1.23, 1.38, -2.4, 1.7, 1.5, 10 000000001 000
wake, 0.83, 1.58, 0.11, 1.34, 2.14, 0.83, 10 100001010 001
warn, -1.2, 1.36, 1.48, -1.4, 2.2, 0.5, 10 111111111 010
waste time of, -0.36, 0.84, -1.08, -0.33, 1.23, -0.54, 01 011111100 000
watch, -1.08, 1.4, -1.6, -1.0, 1.5, -1.0, 10 111111111 000
watch over, 1.8, 1.32, -2.4, 1.88, 1.6, -2.0, 01 111111111 010
welcome, 1.4, 1.24, 1.8, 1.64, 0.9, 1.0, 10 111111111 010
worry, -1.68, -0.4, 1.6, -1.7, 0.2, 1.4, 01 111111111 000
wrong, -1.56, 0.36, 0.27, -1.6, 0.5, 0.5, 01 111111111 000

