no emotion, 0.0, 0.0, 0.0, 0.0, 0.0, 0.0, 10 100000000 000
abandoned, -1.88, -1.68, -0.35, -2.78, -1.01, -0.39, 10 000100000 000
absentminded, -1.0, -0.91, -0.55, -1.86, -2.02, -0.62, 10 010000000 000
abusive, -2.23, 0.34, -0.02, -3.57, 1.59, 0.59, 10 010000000 000
accommodating, 1.72, 1.39, 0.42, 1.92, 1.24, 0.18, 10 010000000 000
active, 2.13, 1.33, 1.84, 2.5, 1.72, 2.71, 10 010000000 000
adventurous, 1.4, 1.09, 1.24, 2.12, 1.88, 2.27, 10 010000000 000
affectionate, 2.0, 1.03, 0.86, 2.6, 1.98, 1.0, 10 010000000 000
afraid, -1.7, -1.55, -0.52, -2.08, -1.15, 0.32, 10 100000000 000
aggravated, -1.67, -0.38, -0.15, -2.01, -0.54, 0.65, 10 100000000 000
aggressive, -0.07, 1.2, 1.44, -0.71, 1.82, 1.7, 10 010000000 000
agitated, -1.6, -0.77, -0.52, -1.69, -0.32, 0.79, 10 100000000 000
agreeable, 1.38, 0.62, 0.31, 1.73, 0.33, -0.16, 10 010000000 000
aimless, -1.03, -0.65, -0.19, -1.43, -1.53, -0.54, 10 010000000 000
alert, 1.43, 1.15, 0.87, 1.96, 1.51, 1.36, 10 010000000 000
aloof, -0.29, -0.02, -0.05, -0.86, -1.0, -0.8, 10 010000000 000
ambitious, 1.46, 1.4, 0.92, 2.18, 2.11, 2.08, 10 010000000 000
amused, 1.83, 0.58, 0.76, 2.17, 1.36, 1.84, 10 100000000 000
amusing, 1.68, 0.95, 1.53, 1.94, 1.55, 1.56, 10 010000000 000
angry, -1.87, -0.15, -0.14, -1.97, 0.48, 0.64, 10 100000000 000
anguished, -1.28, -0.99, -0.82, -2.25, -1.52, -0.26, 10 100000000 000
annoyed, -1.72, -0.68, -0.09, -1.91, -0.56, -0.03, 10 100010000 000
annoying, -1.65, -0.64, 0.08, -2.33, -0.38, 0.21, 10 010000000 000
antisocial, -1.52, -1.51, -0.59, -1.82, -1.55, -1.04, 10 000100000 000
anxious, -0.73, -0.91, 0.52, -1.44, -0.92, 0.97, 10 100000000 000
apathetic, 0.45, 0.01, -0.18, -0.17, -0.22, -0.82, 10 110000000 000
appreciative, 1.68, 0.92, 0.35, 2.61, 1.32, 0.42, 10 110000000 000
apprehensive, -0.74, -0.34, -0.64, -1.21, -1.24, -0.57, 10 100000000 000
aroused, 2.24, 1.0, 1.16, 1.96, 1.05, 1.77, 10 000000000 000
arrogant, -1.36, -0.51, 0.46, -2.03, 0.66, 0.71, 10 010000000 000
ashamed, -2.04, -1.54, -0.87, -2.52, -1.33, -0.59, 10 100010000 000
astonished, 0.84, 0.23, 0.65, 0.75, 0.44, 0.91, 10 010000000 000
at-ease, 1.86, 0.81, -0.07, 2.24, 1.19, -0.31, 10 100000000 000
attractive, 2.07, 1.62, 1.62, 2.16, 2.25, 1.52, 10 000100000 000
authoritarian, -0.45, 1.12, -0.43, -1.19, 1.94, 0.04, 10 010000000 000
average, -0.32, -0.66, -0.26, 0.08, -0.17, 0.2, 10 001000000 000
awe-struck, 1.81, 0.95, 1.48, 1.69, 0.39, 1.0, 10 100000000 000
awkward, -0.8, -0.83, 0.06, -1.1, -1.14, -0.52, 10 000100000 000
bad, -2.29, -0.24, 0.56, -2.28, 0.18, 0.8, 10 001000000 000
Baptist, 0.37, 0.23, 0.08, 0.45, 0.16, -0.31, 10 001000000 000
belligerent, -1.53, -0.63, 0.03, -2.16, -0.67, 0.53, 10 010000000 000
betrayed, -2.01, -0.94, -0.12, -2.77, -0.7, -0.4, 10 000100000 000
bitchy, -2.16, -0.02, 0.46, -1.94, 0.83, 0.96, 10 010000000 000
bitter, -1.78, -0.92, -0.49, -2.0, -1.2, -0.6, 10 100010000 000
black, 0.87, -0.12, 0.6, 1.13, 0.6, 0.66, 10 001000000 000
blue, -1.52, -1.4, -0.8, -2.19, -1.69, -1.3, 10 100000000 000
bold, 0.78, 1.15, 0.68, 1.1, 1.82, 1.08, 10 010000000 000
bored, -1.1, -0.54, -0.31, -1.69, -1.63, -1.1, 10 010100000 000
boring, -1.73, -1.38, -1.08, -1.61, -1.38, -1.28, 10 000100000 000
bossy, -1.58, 1.11, 0.28, -1.9, 1.04, 0.23, 10 010000000 000
brave, 2.01, 1.97, 1.18, 2.22, 2.32, 1.09, 10 010000000 000
bright, 1.65, 1.19, 0.9, 2.42, 2.13, 1.5, 10 010000000 000
broken-hearted, -2.23, -1.9, -0.92, -3.02, -2.52, -0.92, 10 100000000 000
calm, 2.02, 0.96, 0.26, 1.54, 1.29, -0.74, 10 100010000 000
candid, 1.02, 0.82, 0.05, 0.93, 0.61, 0.43, 10 010000000 000
captivated, 0.94, 0.12, 0.11, 0.64, -0.24, 0.62, 10 010100000 000
carefree, 1.44, 0.89, 1.7, 1.57, 1.02, 1.67, 10 010000000 000
careless, -1.11, -1.07, 0.56, -1.54, -0.85, 0.25, 10 010000000 000
catholic, 0.2, -0.04, -0.1, -0.08, 0.19, -0.66, 10 001000000 000
cautious, 0.91, 0.34, -0.46, 0.69, 0.01, -0.82, 10 010000000 000
charmed, 2.12, 1.3, 1.37, 1.84, 0.96, 1.21, 10 100000000 000
charming, 2.14, 1.39, 0.95, 1.81, 1.6, 1.16, 10 010000000 000
cheered, 1.83, 1.66, 1.16, 2.58, 1.79, 1.85, 10 100000000 000
cheerful, 1.65, 1.0, 1.5, 2.3, 1.42, 1.57, 10 110000000 000
cheerless, -1.5, -1.67, -1.08, -1.99, -1.3, -1.2, 10 100000000 000
childish, -0.56, -0.71, 1.79, 0.01, -1.33, 2.02, 10 010000000 000
clean-cut, 1.05, 0.59, 0.5, 0.97, 0.87, 0.2, 10 000100000 000
clever, 1.78, 1.34, 0.95, 2.03, 1.96, 0.92, 10 010000000 000
cocky, -0.81, 0.51, 0.69, -1.84, 0.71, 1.38, 10 010000000 000
cold, -1.45, -0.49, -0.21, -1.93, -0.62, -0.56, 10 010000000 000
colorless, 0.27, 0.11, -0.24, -0.48, -0.23, -0.3, 10 000100000 000
compassionate, 1.84, 1.36, 0.32, 2.8, 1.84, 0.22, 10 110000000 000
competent, 1.47, 1.0, 0.54, 2.26, 1.84, 0.38, 10 010000000 000
composed, 1.41, 1.27, 0.27, 1.59, 1.6, -0.48, 10 010000000 000
compulsive, -0.73, -0.32, 0.4, -0.98, -0.61, 0.65, 10 010000000 000
conceited, -1.37, 0.15, 0.15, -2.07, 0.3, 0.44, 10 010000000 000
confident, 1.68, 1.72, 0.86, 2.5, 2.45, 1.35, 10 010000000 000
confused, -0.78, -1.0, -0.34, -1.48, -1.64, -0.1, 10 010000000 000
conscientious, 1.8, 0.87, 0.22, 2.05, 1.43, 0.19, 10 010000000 000
conservative, -0.29, -0.07, -1.29, -0.24, 0.32, -1.39, 10 011000000 000
considerate, 1.73, 0.98, 0.23, 2.69, 1.74, 0.12, 10 010000000 000
contemptuous, -0.99, 0.49, 0.19, -1.76, -0.27, -0.01, 10 110000000 000
contented, 1.36, 1.0, 0.37, 2.23, 1.29, 0.01, 10 100010000 000
conventional, -0.12, -0.33, -0.4, 0.18, 0.16, -1.06, 10 000100000 000
cool, 1.37, 1.03, 1.27, 1.66, 1.72, 1.11, 10 010000000 000
cooperative, 1.62, 0.49, 0.42, 2.3, 1.15, 0.37, 10 010000000 000
cowardly, -1.66, -2.02, 0.2, -1.55, -1.72, -1.05, 10 010000000 000
coy, 0.23, 0.32, 0.7, -0.16, 0.22, 0.47, 10 010000000 000
crafty, 1.17, 1.14, 1.0, 1.11, 0.64, 0.84, 10 010000000 000
crazy, -0.4, -0.49, 0.49, -0.42, -0.28, 0.86, 10 011000000 000
creative, 2.11, 1.31, 1.03, 2.73, 2.02, 1.75, 10 010000000 000
critical, 0.0, 0.84, -0.14, -0.34, 1.15, -0.01, 10 010000000 000
crude, -1.22, -0.37, 0.18, -1.77, -0.43, 0.34, 10 010000000 000
cruel, -2.1, 0.09, -0.36, -2.87, 0.54, 0.47, 10 010000000 000
crushed, -2.16, -1.74, -0.61, -2.97, -2.32, -0.28, 10 100000000 000
curious, 1.56, 0.77, 1.04, 1.88, 0.73, 1.75, 10 010000000 000
cynical, -0.84, 0.05, -0.34, -1.8, -0.33, -0.64, 10 010000000 000
daring, 1.17, 1.08, 1.76, 1.39, 1.64, 1.9, 10 010000000 000
deceitful, -1.44, -0.19, 0.04, -2.45, 0.31, 0.56, 10 010000000 000
defensive, -0.56, -0.21, -0.08, -0.86, -0.62, -0.08, 10 010000000 000
defiant, -0.07, 1.0, 1.36, -0.63, 0.68, 0.81, 10 010000000 000
deflated, -1.45, -1.05, -0.97, -2.13, -1.81, -0.81, 10 100000000 000
dejected, -1.78, -1.24, -0.39, -2.27, -1.38, -0.63, 10 100000000 000
delicate, 0.27, 0.16, 0.06, 1.11, -0.33, -0.69, 10 000100000 000
delighted, 2.04, 0.96, 1.48, 2.45, 1.8, 1.62, 10 100000000 000
demanding, -0.56, 0.08, 0.44, -1.39, 0.65, 0.58, 10 010000000 000
dependable, 2.41, 1.31, 0.12, 2.56, 1.85, 0.44, 10 010000000 000
dependent, 0.22, -0.57, -0.21, -1.08, -2.01, -0.77, 10 010000000 000
depressed, -2.28, -1.9, -1.18, -3.29, -2.43, -1.71, 10 100010000 000
desperate, -1.11, -1.19, 0.17, -2.04, -2.62, -0.06, 10 110000000 000
dignified, 1.0, 1.22, 0.11, 1.83, 1.83, -0.28, 10 000100000 000
disagreeable, -0.91, -0.14, 0.01, -1.36, -0.24, 0.04, 10 010000000 000
disappointed, -1.5, -1.2, -0.65, -2.4, -1.5, -0.56, 10 100000000 000
discontented, -1.74, -1.01, -0.47, -1.68, -1.24, -0.39, 10 100000000 000
discreet, 1.2, 0.72, -0.18, 0.81, 0.49, -1.0, 10 010000000 000
disgusted, -1.45, -0.73, -0.25, -1.9, -0.59, -0.06, 10 100010000 000
dishonest, -1.81, -0.59, 0.63, -2.17, -0.07, -0.24, 10 010100000 000
disobedient, -0.5, -0.21, 0.49, -1.35, 0.28, 0.83, 10 010000000 000
displeased, -1.38, -0.68, -0.56, -1.83, -1.04, -0.55, 10 100000000 000
disreputable, -1.51, -0.77, -0.23, -1.69, -0.34, -0.39, 10 010000000 000
disrespectful, -1.96, -0.57, 0.46, -2.7, -1.06, 0.17, 10 010000000 000
dissatisfied, -1.47, -0.9, -0.69, -1.97, -1.64, -0.75, 10 100000000 000
distressed, -1.73, -1.16, -0.62, -2.36, -1.68, -0.19, 10 100000000 000
disturbed, -1.23, -0.58, -0.59, -1.54, -0.73, -0.26, 10 110000000 000
divorced, -1.09, -0.45, -0.13, -0.73, -0.15, -0.42, 10 001000000 000
dogmatic, -1.05, -0.65, -0.62, -0.96, 0.41, -0.47, 10 010000000 000
dominant, 0.2, 1.43, 0.74, -0.33, 2.36, 0.75, 10 010000000 000
domineering, -0.61, 0.68, -0.35, -1.49, 1.68, 0.62, 10 010000000 000
doubtful, -0.47, -0.32, -0.24, -0.8, -0.88, -0.72, 10 000100000 000
downhearted, -1.2, -0.85, -0.37, -1.91, -1.39, -0.97, 10 100000000 000
drowsy, -1.15, -1.19, -1.23, -1.01, -1.56, -1.68, 10 000100000 000
drunken, 0.19, -1.15, 0.58, -0.78, -0.98, 0.82, 10 001100000 000
dull, -1.61, -0.98, -1.35, -1.61, -1.59, -1.41, 10 000100000 000
earnest, 0.72, 0.75, 0.4, 1.14, 0.54, -0.02, 10 010000000 000
earthy, 0.37, 0.28, -0.06, 2.1, 1.19, 0.57, 10 010000000 000
easygoing, 1.5, 0.78, 0.85, 1.98, 0.7, 0.26, 10 010000000 000
eccentric, 1.13, 0.97, 0.34, 0.92, 0.56, 1.29, 10 010000000 000
ecstatic, 2.24, 1.68, 1.91, 2.75, 2.42, 2.59, 10 100000000 000
educated, 2.44, 2.32, 0.75, 3.06, 3.01, 0.9, 10 001000000 000
efficient, 1.5, 0.93, 0.75, 2.29, 1.69, 1.22, 10 010000000 000
egotistical, -1.28, 0.14, 0.36, -2.31, 0.43, 1.04, 10 010000000 000
elated, 1.36, 0.84, 0.93, 3.09, 2.59, 2.68, 10 100000000 000
embarrassed, -1.4, -1.0, -0.04, -2.24, -1.72, 0.41, 10 100010000 000
emotional, 0.76, 0.09, 0.75, 0.67, -0.06, 0.52, 10 110000000 000
employed, 1.56, 1.23, 0.73, 2.54, 1.81, 0.39, 10 001000000 000
empty, -2.12, -1.17, -1.15, -2.56, -2.48, -1.42, 10 000100000 000
energetic, 1.8, 1.37, 1.97, 2.38, 1.73, 2.5, 10 010000000 000
enthusiastic, 1.64, 1.09, 1.17, 2.53, 1.91, 2.04, 10 110000000 000
envious, -1.23, -0.7, 0.3, -1.89, -1.21, 0.52, 10 100000000 000
excited, 2.01, 1.58, 1.54, 2.7, 1.89, 2.4, 10 100010000 000
experienced, 1.61, 1.75, -0.59, 2.22, 2.2, 0.62, 10 001000000 000
extravagant, 0.76, 0.74, 1.04, 0.6, 1.12, 1.16, 10 000100000 000
extroverted, 0.91, 0.87, 1.48, 1.53, 1.86, 1.98, 10 010000000 000
faithful, 1.72, 1.53, 0.74, 2.52, 1.79, 0.19, 10 010000000 000
fearful, -2.14, -1.75, -0.11, -2.21, -1.69, -0.16, 10 100000000 000
fed-up, -1.72, -0.31, -0.27, -1.63, -0.75, 0.16, 10 100000000 000
female, 1.29, 0.68, 0.92, 2.92, 1.55, 1.82, 10 001000000 000
feminine, 1.2, 0.41, 0.97, 1.99, 1.22, 1.17, 10 010000000 000
fickle, -0.11, 0.22, -0.22, -1.17, -0.61, -0.14, 10 010000000 000
finicky, -0.7, -0.16, -0.26, -1.16, -0.78, -0.29, 10 010000000 000
flexible, 2.04, 1.66, 0.8, 2.26, 1.5, 0.72, 10 010000000 000
flustered, -1.47, -1.13, -0.05, -1.39, -1.23, 0.74, 10 100010000 000
foolish, -0.65, -0.26, 0.24, -1.42, -1.27, 1.08, 10 010000000 000
forgetful, -1.14, -1.13, -1.0, -1.63, -1.24, -1.14, 10 010000000 000
forgiving, 1.68, 1.06, -0.01, 2.7, 1.73, 0.06, 10 010000000 000
friendly, 2.03, 1.31, 1.06, 2.81, 1.89, 1.0, 10 010000000 000
frightened, -1.62, -1.6, -0.08, -1.97, -1.84, 0.6, 10 100000000 000
frivolous, -0.29, -0.38, 0.58, -0.9, -0.38, 0.4, 10 000100000 000
frustrated, -1.61, -1.14, -0.54, -1.95, -0.73, 0.59, 10 100000000 000
fun-loving, 1.79, 0.98, 0.85, 2.38, 1.32, 1.7, 10 010000000 000
furious, -1.64, 0.25, 0.47, -2.25, 0.03, 0.96, 10 100010000 000
generous, 1.44, 0.98, 0.55, 2.95, 2.21, 0.8, 10 010000000 000
gentle, 2.09, 1.19, -0.07, 2.44, 0.64, -0.16, 10 010000000 000
giddy, 0.87, 0.07, 1.38, 1.39, 0.15, 1.9, 10 010000000 000
glad, 1.72, 1.19, 0.81, 2.19, 1.3, 1.14, 10 100000000 000
gloomy, -1.21, -0.7, -0.72, -1.79, -1.57, -1.25, 10 110000000 000
good, 2.47, 1.41, 0.96, 2.94, 1.66, 0.44, 10 001000000 000
gossipy, -1.76, -0.72, 0.43, -1.73, 0.06, 0.93, 10 010100000 000
grateful, 2.01, 1.26, 0.39, 2.64, 1.14, 0.36, 10 100000000 000
greedy, -1.4, -0.06, 0.09, -2.27, -0.18, 0.37, 10 010000000 000
grief-stricken, -1.83, -1.75, -0.69, -3.04, -1.55, -0.9, 10 100000000 000
grouchy, -1.79, -0.72, -1.09, -1.72, -0.24, -0.43, 10 010000000 000
guilty, -1.75, -1.2, -0.12, -2.31, -0.8, -0.17, 10 101000000 000
gullible, -1.47, -1.57, -0.13, -1.22, -1.59, 0.06, 10 010000000 000
happy, 2.47, 1.25, 0.97, 3.04, 2.39, 1.72, 10 100010000 000
hassled, -1.32, -0.36, 0.24, -1.86, -0.5, 0.45, 10 000100000 000
haughty, -0.24, -0.21, 0.68, -2.07, -0.5, 0.96, 10 010000000 000
heart-broken, -2.43, -1.48, -0.45, -3.32, -2.09, -1.03, 10 100000000 000
heavy-hearted, -1.13, -0.87, -0.42, -1.51, -1.0, -0.94, 10 100000000 000
helpful, 2.06, 1.36, 0.58, 2.65, 1.94, 1.26, 10 010000000 000
helpless, -1.55, -1.39, -0.62, -2.43, -2.57, -0.96, 10 000100000 000
HIV-positive, -2.03, -1.43, 0.3, -2.53, -1.03, 0.01, 10 001100000 000
homesick, -1.52, -1.09, -0.26, -1.97, -1.48, -0.86, 10 100000000 000
homey, -0.06, -0.5, -0.36, 0.67, -0.21, -0.85, 10 000100000 000
homosexual, -0.18, -0.62, 0.67, 0.86, -0.32, 0.4, 10 001100000 000
honest, 1.96, 1.74, 0.25, 2.9, 1.97, 0.15, 10 010000000 000
honorable, 1.76, 1.36, -0.02, 2.72, 2.33, 0.37, 10 010000000 000
hopeful, 1.5, 0.94, 1.25, 2.45, 1.35, 0.87, 10 110000000 000
hopeless, -1.86, -1.73, -0.68, -2.01, -2.31, -0.9, 10 100100000 000
horny, 2.21, 1.64, 2.17, 1.83, 1.08, 2.32, 10 010100000 000
horrified, -1.85, -1.1, -0.03, -2.38, -1.67, 0.4, 10 100000000 000
hostile, -1.21, 0.36, 0.08, -2.37, 0.32, 0.27, 10 110000000 000
hotheaded, -1.77, -0.09, 0.75, -1.89, 0.02, 1.46, 10 010000000 000
humble, 1.38, 0.71, 0.12, 1.57, 0.4, -0.69, 10 110000000 000
humiliated, -2.15, -1.34, 0.0, -2.74, -0.95, 0.33, 10 100000000 000
hurt, -1.97, -1.23, -0.71, -2.84, -1.6, -0.61, 10 100100000 000
idealistic, 1.37, 0.36, 0.36, 1.11, 0.89, 0.52, 10 010000000 000
ignorant, -1.48, -0.66, -0.22, -2.57, -1.98, -0.81, 10 000100000 000
ill-at-ease, -1.27, -0.94, -0.81, -1.32, -1.3, -0.42, 10 100000000 000
immature, -0.78, -0.84, 1.1, -1.46, -1.28, 1.78, 10 010000000 000
immoral, -1.17, -0.33, 0.28, -2.49, -0.8, 0.3, 10 000100000 000
impatient, -1.44, -0.54, 0.78, -1.77, -1.48, 0.49, 10 100010000 000
impolite, -1.66, -0.81, 0.17, -2.36, -0.53, 0.58, 10 010000000 000
impotent, -2.06, -1.46, -1.69, -1.91, -2.12, -1.31, 10 000100000 000
impractical, -1.0, -0.33, -0.12, -1.4, -1.12, 0.36, 10 010000000 000
impressionable, -0.19, -0.21, 1.18, 0.58, 0.0, 1.12, 10 010000000 000
impulsive, 0.02, 0.58, 1.18, 0.67, 0.4, 1.97, 10 010000000 000
in-love, 2.88, 1.86, 2.21, 3.52, 2.85, 2.49, 10 100100000 000
incompetent, -1.89, -1.44, -0.56, -2.27, -1.7, -0.49, 10 000100000 000
inconsiderate, -1.19, 0.06, 0.01, -2.68, -0.28, -0.1, 10 010000000 000
incredulous, 0.26, 0.25, 0.59, 0.63, 0.53, 0.84, 10 000100000 000
indecisive, -1.0, -1.09, -0.3, -1.24, -1.37, -0.52, 10 010000000 000
independent, 2.12, 1.77, 1.12, 2.58, 2.77, 0.51, 10 010000000 000
indifferent, 0.06, 0.12, 0.02, -1.24, -0.73, -0.56, 10 010000000 000
industrious, 1.27, 1.31, 0.85, 1.57, 1.91, 0.77, 10 010000000 000
inexperienced, -0.61, -1.61, 0.88, -1.2, -1.8, 0.62, 10 000100000 000
inhibited, -0.45, -0.65, -0.34, -0.87, -0.66, -0.57, 10 010000000 000
innocent, 1.53, 0.68, 0.83, 1.33, -0.57, 0.85, 10 000100000 000
inquisitive, 1.62, 0.99, 0.77, 2.3, 1.4, 0.83, 10 010000000 000
insane, -0.83, -0.65, 0.35, -1.81, -1.14, 0.47, 10 001100000 000
insecure, -1.63, -1.42, 0.19, -2.15, -2.37, -0.54, 10 010000000 000
insensitive, -1.58, -0.94, 0.04, -2.18, -0.55, 0.31, 10 010000000 000
insincere, -1.89, -0.89, -0.43, -2.49, -0.62, -0.5, 10 010000000 000
intellectual, 1.85, 1.49, -0.07, 2.72, 2.61, 0.54, 10 011000000 000
intelligent, 2.48, 2.01, 0.39, 2.79, 2.88, 0.2, 10 010000000 000
intimidated, -1.61, -1.52, 0.26, -1.67, -1.35, 0.06, 10 100000000 000
intoxicated, -0.08, -0.71, 0.69, -0.57, -0.99, 1.49, 10 000100000 000
introspective, 1.17, 0.67, -0.22, 1.73, 0.98, -0.95, 10 010000000 000
introverted, 0.21, -0.61, -0.68, -0.26, -1.38, -1.6, 10 010000000 000
irate, -1.14, -0.29, 0.35, -2.21, -0.41, 1.36, 10 100000000 000
irked, -0.96, -0.67, -0.44, -1.63, -0.53, -0.09, 10 100000000 000
irrational, -1.64, -1.09, 0.19, -2.2, -1.04, 0.29, 10 010000000 000
irritated, -1.08, -0.75, -0.45, -2.13, -0.2, 0.0, 10 100000000 000
irritated, -1.29, -0.48, 0.09, -1.66, -0.44, 0.48, 10 100000000 000
jealous, -1.96, -1.42, 0.38, -2.62, -1.88, 0.77, 10 110000000 000
Jewish, 0.93, 0.4, 0.08, 1.23, 0.39, 0.07, 10 001000000 000
jittery, -0.59, -1.12, 0.32, -0.47, -0.98, 1.3, 10 010000000 000
joyful, 2.07, 1.25, 1.56, 2.8, 2.0, 1.96, 10 100000000 000
joyless, -1.84, -1.4, -0.87, -2.22, -1.56, -1.6, 10 100010000 000
kind, 2.28, 1.48, 0.79, 2.76, 1.97, 0.64, 10 010000000 000
knowledgeable, 1.67, 1.14, 0.53, 2.47, 2.4, 0.67, 10 000100000 000
languid, -0.51, -0.12, -0.19, -0.04, 0.22, 0.33, 10 000100000 000
lazy, -1.31, -1.37, -0.84, -1.66, -1.74, -1.43, 10 010000000 000
letdown, -1.77, -1.32, -0.46, -2.03, -0.41, -0.66, 10 000100000 000
lighthearted, 1.52, 0.87, 0.49, 1.36, 0.57, 0.91, 10 010000000 000
lively, 1.68, 1.24, 1.76, 2.2, 1.43, 2.55, 10 010000000 000
lonely, -1.96, -1.27, -1.03, -2.6, -2.09, -1.76, 10 100000000 000
lonesome, -1.89, -1.38, -1.21, -2.2, -1.83, -1.76, 10 100000000 000
lost, -1.15, -0.78, 0.0, -2.03, -1.54, -0.09, 10 000100000 000
loved, 2.44, 1.79, 1.03, 3.26, 2.44, 0.96, 10 000100000 000
lovesick, 0.0, -0.82, 0.62, -0.67, -0.98, 0.76, 10 100000000 000
low, -1.71, -1.17, -0.54, -2.08, -1.95, -1.32, 10 100000000 000
loyal, 2.12, 1.21, 0.27, 2.6, 1.8, 0.22, 10 010000000 000
lucky, 2.4, 0.9, 0.69, 2.07, 0.53, 1.08, 10 000100000 000
lustful, 1.29, 0.77, 1.29, 0.97, 0.97, 1.27, 10 100000000 000
mad, -1.4, 0.07, 0.06, -1.86, 0.37, 1.01, 10 100010000 000
male, 1.47, 1.32, 0.67, 1.08, 1.75, 1.19, 10 001000000 000
manipulative, -0.86, 0.78, 0.04, -2.31, 1.01, 0.5, 10 010000000 000
married, 1.47, 1.08, -0.2, 1.72, 1.13, 0.08, 10 001000000 000
masculine, 0.94, 0.92, 0.9, 0.92, 1.64, 0.68, 10 010000000 000
mature, 1.76, 0.92, -0.17, 2.0, 1.65, -0.05, 10 010100000 000
mean, -1.83, 0.03, -0.42, -2.76, 0.31, 0.04, 10 010000000 000
mediocre, -1.49, -0.96, -0.53, -0.78, -0.78, -0.26, 10 000100000 000
meek, -0.44, -1.31, -0.1, -0.65, -1.77, -1.35, 10 010000000 000
melancholy, -0.97, -0.74, -0.59, -1.18, -1.07, -1.37, 10 100000000 000
middle-aged, -0.17, 0.45, -0.37, 0.81, 0.79, -0.61, 10 001000000 000
middleclass, 0.49, 0.07, -0.14, 1.08, 0.82, 0.4, 10 001000000 000
mischievous, -0.1, 0.05, 1.48, -0.6, 0.67, 1.54, 10 010000000 000
miserable, -2.01, -1.24, -1.16, -2.87, -1.9, -1.14, 10 100000000 000
modern, 1.14, 0.86, 1.26, 1.4, 1.35, 1.6, 10 000100000 000
modest, 1.49, 0.87, -0.03, 1.47, 0.28, 0.06, 10 010000000 000
moody, -1.35, -0.31, -0.26, -1.62, -0.52, 0.17, 10 010000000 000
mortified, -2.14, -1.31, -0.72, -2.69, -1.47, 0.42, 10 100000000 000
moved, 0.94, 1.31, 0.31, 1.96, 1.37, 0.4, 10 100000000 000
naive, -1.01, -1.31, 0.44, -1.36, -1.77, 0.16, 10 010000000 000
narrow-minded, -2.01, -1.65, -0.12, -2.72, -1.46, -0.92, 10 010000000 000
nasty, -1.79, -0.68, -0.28, -2.36, -0.27, 0.35, 10 010000000 000
neighborly, 1.75, 1.07, 0.73, 2.19, 1.07, 0.0, 10 000100000 000
nervous, -0.97, -1.0, 0.44, -1.4, -1.05, 0.65, 10 100010000 000
nice, 2.47, 1.06, 0.88, 2.76, 1.8, 0.57, 10 010000000 000
noble, 2.01, 1.46, -0.24, 2.06, 1.7, 0.03, 10 000100000 000
nonchalant, 1.22, 0.78, -0.06, 0.13, 0.22, -0.42, 10 010000000 000
normal, 0.68, 0.66, -0.05, 1.28, 1.16, 0.79, 10 000100000 000
nosey, -1.4, -0.26, -0.08, -1.74, -0.34, 0.28, 10 010000000 000
obedient, 0.36, -0.24, -0.11, 0.84, -0.17, 0.02, 10 010000000 000
obligated, 0.02, -0.26, -0.03, 0.09, -0.38, 0.35, 10 001000000 000
obnoxious, -1.52, -0.35, 0.34, -2.46, -0.39, 0.91, 10 010000000 000
offensive, -1.42, 0.21, 0.56, -1.7, 0.76, 0.48, 10 010000000 000
old-fashioned, 0.05, -0.53, -1.13, -0.41, -0.79, -1.89, 10 000100000 000
old, -0.6, -0.88, -2.12, 0.92, 0.0, -1.46, 10 001000000 000
open-minded, 1.87, 1.41, 1.05, 2.8, 2.22, 0.93, 10 010000000 000
opportunistic, 1.27, 1.11, 0.92, 1.2, 1.57, 1.41, 10 010000000 000
optimistic, 2.02, 1.39, 0.88, 2.3, 2.1, 0.84, 10 110000000 000
original, 1.93, 1.48, 1.28, 2.48, 1.66, 1.28, 10 000100000 000
ostentatious, 0.12, 0.16, 0.44, 0.0, -0.64, 0.89, 10 010000000 000
outgoing, 1.76, 1.27, 1.57, 2.04, 2.02, 1.99, 10 010000000 000
outraged, -1.11, 0.26, 0.47, -2.18, 0.8, 1.41, 10 100010000 000
outspoken, 0.59, 0.8, 0.51, 0.34, 1.39, 1.69, 10 010000000 000
overjoyed, 1.75, 1.17, 0.88, 3.18, 2.21, 2.15, 10 100010000 000
overwhelmed, -0.4, -0.8, 0.1, -1.43, -0.92, 0.66, 10 100000000 000
panicked, -1.52, -1.26, -0.1, -2.19, -1.39, 0.81, 10 100000000 000
passionate, 2.42, 1.4, 1.65, 2.68, 2.2, 1.72, 10 110000000 000
passive, -0.38, -0.81, -0.3, -0.45, -1.51, -1.26, 10 010000000 000
patient, 1.56, 0.85, -0.59, 2.32, 1.47, -0.64, 10 010000000 000
peaceful, 1.89, 0.59, 0.05, 2.73, 1.67, -0.96, 10 110000000 000
pensive, 0.33, 0.35, -0.58, 0.87, 0.38, -0.79, 10 010000000 000
perceptive, 1.89, 1.64, 0.55, 2.08, 2.01, 0.72, 10 010000000 000
permissive, -0.36, 0.04, 0.51, 0.2, -0.05, -0.16, 10 010000000 000
persecuted, -1.5, -0.66, -0.19, -2.57, -0.73, 0.5, 10 001000000 000
persistent, 1.08, 1.18, 0.88, 1.24, 1.52, 0.87, 10 010000000 000
persuasive, 1.36, 1.44, 0.72, 0.88, 2.26, 0.8, 10 000100000 000
perverted, -1.44, -0.53, 0.04, -2.63, -0.64, 0.33, 10 011000000 000
pessimistic, -1.37, -0.25, -0.39, -2.2, -1.24, -0.45, 10 110000000 000
petrified, -2.14, -1.81, -0.83, -2.91, -2.52, 0.64, 10 100000000 000
petty, -1.64, -1.24, -0.2, -1.58, -0.75, -0.15, 10 010000000 000
pitiful, -1.91, -1.34, -0.42, -1.69, -1.47, -0.84, 10 010000000 000
playful, 2.04, 0.79, 1.36, 2.07, 0.83, 2.37, 10 010000000 000
pleased, 1.54, 1.24, 1.0, 2.4, 1.53, 0.86, 10 100010000 000
poised, 1.04, 1.14, 0.56, 1.44, 1.22, -0.36, 10 010000000 000
polite, 1.88, 1.0, 0.48, 2.65, 1.42, 0.25, 10 010000000 000
pompous, -1.37, 0.0, 0.22, -1.86, -0.05, 0.87, 10 010000000 000
poor, -0.77, -1.11, -0.36, -2.08, -2.55, -0.74, 10 001000000 000
popular, 1.58, 1.53, 1.22, 1.68, 2.23, 1.45, 10 001100000 000
possessive, -1.04, 0.06, -0.18, -2.07, 0.7, 0.34, 10 010000000 000
powerful, 1.58, 2.06, 0.61, 1.79, 3.27, 1.16, 10 001100000 000
powerless, -1.55, -1.91, -0.63, -2.57, -3.55, -1.15, 10 001100000 000
practical, 0.93, 0.96, 0.14, 1.85, 1.28, -0.43, 10 010000000 000
prejudiced, -2.1, -0.51, -0.71, -2.85, -0.57, -0.54, 10 010000000 000
preoccupied, -0.42, -0.65, 0.21, -0.84, -0.46, 0.07, 10 010000000 000
promiscuous, -0.68, 0.04, 1.28, -1.52, 0.14, 1.83, 10 010000000 000
protestant, 0.56, 0.28, -0.23, 0.64, 0.41, -0.48, 10 001000000 000
proud, 2.12, 1.67, 0.94, 2.58, 2.53, 1.2, 10 100010000 000
provocative, 0.76, 0.97, 1.5, 0.6, 1.52, 1.56, 10 010000000 000
quarrelsome, -1.09, -0.1, -0.04, -1.57, 0.06, 0.84, 10 010000000 000
quiet, -0.11, -0.47, -0.91, 0.65, -0.34, -1.68, 10 000100000 000
rational, 1.3, 0.6, 0.08, 2.09, 1.77, -0.26, 10 010000000 000
reasonable, 1.56, 1.2, 0.26, 2.23, 1.26, -0.08, 10 010000000 000
rebellious, 0.58, 0.86, 1.43, 0.2, 1.28, 1.81, 10 010000000 000
reckless, -0.6, -0.21, 1.3, -1.61, 0.07, 1.84, 10 010000000 000
regretful, -1.46, -0.98, -0.65, -2.17, -1.63, -0.89, 10 100000000 000
rejected, -2.03, -1.27, -0.05, -2.6, -1.6, -0.27, 10 000100000 000
relaxed, 1.92, 0.8, 0.28, 2.21, 0.44, -0.98, 10 100100000 000
reliable, 1.77, 1.44, 0.12, 2.54, 1.69, 0.12, 10 010000000 000
relieved, 2.17, 1.35, 1.0, 2.13, 1.18, 0.03, 10 100000000 000
religious, 1.03, 0.53, -0.5, 0.73, 0.49, -0.62, 10 000100000 000
remorseful, -1.31, -0.37, -1.06, -1.31, -0.58, -0.56, 10 100000000 000
resentful, -1.58, -0.9, -0.54, -2.37, -1.0, 0.13, 10 100000000 000
resigned, 0.33, 0.17, -0.27, -0.42, -0.85, -1.29, 10 010000000 000
respectful, 2.16, 1.43, 0.46, 2.84, 1.56, -0.05, 10 110000000 000
responsible, 1.55, 1.4, 0.17, 2.5, 1.84, 0.48, 10 010000000 000
restless, -0.58, -0.51, 0.54, -1.1, -0.9, 0.66, 10 010000000 000
reverent, 0.57, -0.21, -0.27, 0.89, 1.07, -0.34, 10 110000000 000
rich, 1.72, 1.99, -0.26, 1.62, 2.6, 0.44, 10 001000000 000
rigid, -0.65, -0.34, -0.53, -1.39, -0.4, -0.61, 10 010000000 000
romantic, 1.74, 1.36, 1.28, 2.63, 1.53, 0.37, 10 010000000 000
rude, -1.85, -0.41, 0.67, -2.28, -0.45, 0.19, 10 010000000 000
ruthless, -0.81, 0.76, 0.2, -2.0, 0.83, 0.98, 10 010000000 000
sad, -1.88, -1.46, -1.25, -2.26, -1.87, -1.35, 10 100000000 000
sadistic, -1.68, 0.25, 0.73, -2.35, 0.9, 0.04, 10 010000000 000
sarcastic, 0.11, 0.8, 0.75, -0.68, 0.52, 0.43, 10 010000000 000
satisfied, 2.0, 1.26, 0.44, 2.32, 1.29, 0.62, 10 100000000 000
scared, -1.83, -1.63, -0.52, -1.99, -1.53, 0.22, 10 100010000 000
scheming, -0.74, 0.42, 0.22, -1.54, 0.81, 0.62, 10 010000000 000
scornful, -1.63, -0.43, -0.33, -2.08, 0.09, -0.17, 10 010000000 000
secretive, 0.23, 0.09, 0.31, -0.7, 0.7, 0.35, 10 010000000 000
secure, 1.93, 1.97, 0.68, 2.43, 1.77, -0.28, 10 010100000 000
self-assured, 1.81, 1.3, 0.42, 2.5, 2.3, 1.02, 10 010000000 000
self-centered, -1.7, -0.63, 0.78, -2.27, -0.17, 0.31, 10 010000000 000
self-conscious, -0.37, -0.27, 0.68, -1.24, -1.4, 0.4, 10 110000000 000
self-disciplined, 2.0, 2.08, -0.64, 2.38, 2.01, 0.32, 10 010000000 000
self-pitying, -1.95, -1.77, -0.43, -2.12, -1.87, -1.04, 10 100000000 000
self-righteous, -0.36, 0.26, 0.2, -1.12, 0.43, 0.37, 10 010000000 000
selfish, -1.75, -0.4, 0.36, -2.49, -0.16, 0.56, 10 010000000 000
sensuous, 1.72, 1.06, 1.05, 1.91, 1.73, 0.96, 10 010000000 000
sentimental, 1.33, 0.58, -0.36, 1.39, 0.54, -0.57, 10 110000000 000
serene, 1.56, 0.97, -0.29, 1.94, 0.55, -0.84, 10 100000000 000
serious, 0.99, 0.66, -0.09, 0.67, 0.64, -0.7, 10 010000000 000
sexy, 2.31, 1.56, 1.69, 1.92, 2.26, 2.1, 10 000100000 000
shaken, -1.26, -1.37, -0.18, -1.87, -1.12, 0.35, 10 100000000 000
shallow, -2.05, -1.41, 0.13, -2.48, -0.78, -0.21, 10 010000000 000
shocked, -0.19, -0.27, 0.26, -0.41, 0.35, 0.54, 10 100000000 000
shook-up, -1.1, -0.74, -0.33, -2.09, -1.17, 0.39, 10 100000000 000
showy, -0.38, 0.27, 0.85, -1.18, 0.47, 1.47, 10 000100000 000
shrewd, -0.01, 0.19, -0.48, -1.46, -0.04, -0.54, 10 010000000 000
shy, -0.4, -1.14, -0.23, -0.49, -1.39, -1.2, 10 010000000 000
sick-at-heart, -2.2, -1.42, -0.8, -2.22, -1.09, -0.89, 10 100000000 000
sickened, -1.75, -1.29, -0.94, -2.15, -1.14, -0.18, 10 100000000 000
silly, 0.76, -0.58, 1.07, 1.0, -0.51, 1.68, 10 000100000 000
sincere, 2.21, 1.34, 0.55, 2.63, 1.67, 0.41, 10 010000000 000
single, 0.43, 0.32, 0.87, 1.04, 0.87, 1.2, 10 001000000 000
skeptical, 0.23, -0.06, 0.07, -0.2, -0.16, -0.21, 10 010000000 000
sloppy, -1.41, -0.77, 0.44, -1.5, -0.91, 0.24, 10 010000000 000
sluggish, -0.87, -1.12, -1.21, -1.28, -1.6, -1.82, 10 000100000 000
sly, 0.26, 0.95, 0.44, -1.33, 0.58, 0.1, 10 010000000 000
smug, -0.71, -0.25, 0.39, -1.28, -0.08, -0.47, 10 110000000 000
snobbish, -1.38, -0.53, -0.26, -2.3, 0.36, 0.19, 10 010000000 000
snowed, -0.25, -0.04, -0.19, -1.66, -1.18, -0.23, 10 000100000 000
sociable, 1.74, 1.07, 0.62, 2.33, 1.79, 1.61, 10 010100000 000
soft-spoken, 0.5, 0.18, -0.12, 0.71, -0.46, -1.29, 10 010000000 000
solemn, 0.3, 0.2, -0.41, 0.06, -0.46, -1.4, 10 010000000 000
sophisticated, 1.68, 1.29, 0.1, 2.03, 1.7, -0.04, 10 010000000 000
sorrowful, -1.51, -0.92, -0.9, -2.06, -1.25, -1.28, 10 100000000 000
sorry, -1.1, -1.01, -0.37, -1.09, -0.43, -0.52, 10 100000000 000
spacey, -0.55, -0.89, -0.17, -1.18, -1.67, 0.18, 10 000100000 000
spiteful, -1.59, -0.8, -0.08, -2.42, -0.53, 0.25, 10 110000000 000
spoiled, -0.96, -0.12, 0.36, -1.37, -0.04, 1.24, 10 000100000 000
squeamish, -1.0, -1.2, 0.52, -1.27, -1.55, 0.29, 10 010000000 000
stable, 1.31, 0.88, -0.06, 2.32, 1.55, -0.08, 10 000100000 000
stingy, -0.89, -0.43, -0.24, -1.81, -1.12, -0.44, 10 010000000 000
stoned, 0.32, -0.53, 1.04, -0.65, -0.98, 0.64, 10 000100000 000
strange, 0.15, -0.5, 0.28, -0.55, -0.94, -0.05, 10 000100000 000
strict, -0.25, 0.52, -0.6, -0.92, 1.45, -0.68, 10 010000000 000
strong, 1.98, 1.88, 1.26, 2.2, 2.42, 1.66, 10 000100000 000
stubborn, -1.22, 0.04, -0.21, -1.11, 0.05, -0.26, 10 010000000 000
studious, 2.03, 1.25, 0.6, 1.96, 1.6, 0.06, 10 010000000 000
stupid, -1.87, -1.1, 0.01, -2.44, -2.46, -0.67, 10 010000000 000
suave, 1.57, 1.3, 1.47, 0.62, 0.86, 0.82, 10 000100000 000
subdued, -0.44, -0.79, -0.48, -0.37, -0.96, -1.31, 10 010000000 000
submissive, -0.51, -1.08, -0.05, -1.59, -1.99, -0.93, 10 010000000 000
successful, 2.48, 1.75, 0.87, 2.75, 2.31, 0.61, 10 000100000 000
suicidal, -2.64, -1.72, 0.0, -3.57, -2.29, 0.04, 10 010000000 000
superstitious, -0.22, -0.64, -0.24, -0.4, -0.34, 0.16, 10 010000000 000
surprised, 1.18, 0.44, 0.95, 1.39, 0.4, 1.68, 10 000100000 000
suspicious, -0.31, 0.02, 0.0, -1.05, -0.61, -0.25, 10 010000000 000
sympathetic, 1.69, 0.52, -0.08, 2.36, 1.42, -0.91, 10 010000000 000
tactful, 1.38, 1.0, 0.36, 1.68, 0.88, -0.48, 10 010000000 000
tactless, -1.28, -1.06, 0.42, -1.86, -1.38, -0.46, 10 010000000 000
talented, 1.84, 1.7, 0.98, 2.45, 2.4, 1.0, 10 000100000 000
talkative, 0.87, 0.39, 1.18, 1.27, 0.81, 1.98, 10 010100000 000
temperamental, -1.11, -0.37, 0.25, -1.58, -0.3, 0.75, 10 010000000 000
tense, -1.27, -0.52, 0.17, -1.72, -0.95, -0.24, 10 100000000 000
terrified, -2.05, -1.06, -0.56, -2.74, -1.77, 0.58, 10 100000000 000
thoughtful, 2.02, 1.46, 0.25, 2.48, 2.0, 0.41, 10 010000000 000
thoughtless, -1.44, -0.6, 0.09, -2.2, -1.11, -0.35, 10 010000000 000
thrilled, 1.68, 1.63, 1.8, 2.67, 2.26, 2.37, 10 100010000 000
timid, -0.89, -1.04, -0.28, -0.64, -1.77, -1.39, 10 010000000 000
tired, -1.07, -1.36, -1.54, -0.96, -1.4, -1.48, 10 000100000 000
tormented, -2.28, -1.31, -0.21, -2.89, -1.86, 0.67, 10 100000000 000
touched, 1.95, 0.93, 1.09, 2.53, 1.56, 0.7, 10 100000000 000
touchy, -0.25, -0.63, 0.22, -0.38, -0.52, 0.26, 10 010000000 000
tough, 0.46, 1.48, 1.13, 0.7, 1.88, 0.92, 10 010000000 000
troubled, -1.7, -0.62, -0.03, -1.89, -0.62, -0.03, 10 100000000 000
trusting, 1.49, 0.85, 0.16, 2.24, 1.04, 0.11, 10 010000000 000
ugly, -1.62, -0.95, -0.47, -1.36, -1.78, -0.61, 10 000100000 000
unambitious, -1.84, -1.2, -0.82, -1.98, -1.8, -1.13, 10 010000000 000
unattractive, -1.4, -0.96, -0.71, -0.99, -1.47, -0.58, 10 000100000 000
uncertain, -0.68, -0.59, -0.2, -1.02, -1.29, -0.12, 10 010000000 000
unconventional, 0.68, 0.56, 0.66, 0.73, 0.6, 1.42, 10 010000000 000
understanding, 2.01, 1.39, 0.09, 2.82, 1.79, -0.02, 10 010000000 000
uneasy, -1.35, -0.87, -0.15, -1.9, -1.5, -0.15, 10 100000000 000
uneducated, -1.9, -1.77, 0.17, -2.28, -2.76, -0.57, 10 001000000 000
unemployed, -2.1, -1.87, -0.16, -2.15, -2.22, -0.89, 10 001000000 000
unfair, -1.25, -0.78, -0.27, -2.32, 0.19, -0.39, 10 010000000 000
unforgiving, -1.62, -0.6, -0.34, -2.28, -0.29, -0.34, 10 010000000 000
unfriendly, -1.64, -0.52, -0.5, -2.36, -0.6, -0.61, 10 010100000 000
ungrateful, -1.76, -0.86, -0.19, -2.48, -0.81, -0.32, 10 010000000 000
unhappy, -1.62, -1.2, -0.64, -2.54, -1.48, -1.15, 10 100010000 000
unhealthy, -1.57, -0.93, -1.22, -2.63, -1.53, -1.36, 10 000100000 000
unkind, -1.93, -0.19, -0.02, -2.58, -0.19, -0.23, 10 010000000 000
unlucky, -1.7, -1.04, -0.47, -1.68, -1.52, -0.43, 10 000100000 000
unpopular, -1.29, -1.33, -0.52, -1.76, -1.84, -0.44, 10 000100000 000
unreasonable, -1.65, -1.21, -0.27, -2.18, -0.84, -0.28, 10 010000000 000
unreliable, -1.75, -1.5, 0.32, -2.24, -1.34, -0.12, 10 010000000 000
unromantic, -1.57, -0.79, -0.52, -1.69, -0.93, -1.1, 10 010000000 000
unselfish, 2.05, 1.13, 0.24, 2.56, 1.93, 0.26, 10 010000000 000
unsophisticated, -1.03, -1.24, -0.2, -0.7, -0.82, 0.42, 10 010000000 000
unsportsmanlike, -1.97, -0.96, 0.73, -2.2, -1.26, 0.41, 10 010000000 000
unstable, -1.27, -0.93, -0.19, -1.94, -1.63, 0.2, 10 010000000 000
unsuccessful, -1.67, -1.3, -0.67, -1.73, -1.82, -0.6, 10 000100000 000
upset, -1.94, -1.27, -0.47, -2.22, -1.43, 0.07, 10 100000000 000
vain, -1.05, -0.52, 0.06, -2.1, -0.07, 0.33, 10 010000000 000
vengeful, -0.97, 0.23, 0.27, -2.22, 0.44, 0.58, 10 010000000 000
virtuous, 1.01, 0.56, 0.35, 1.93, 1.27, 0.49, 10 010000000 000
vivacious, 1.09, 0.92, 0.94, 1.85, 1.54, 2.25, 10 000100000 000
vulgar, -1.01, -0.23, 0.45, -2.02, -0.17, 0.22, 10 000100000 000
warm, 1.85, 0.79, 0.04, 2.37, 1.34, 0.49, 10 010000000 000
weak, -1.36, -1.75, -0.79, -1.37, -2.35, -1.28, 10 000100000 000
wealthy, 1.69, 1.98, -0.06, 1.54, 2.54, 0.08, 10 001000000 000
well-bred, 1.4, 0.81, 0.39, 1.05, 1.24, 0.34, 10 001000000 000
white, 0.41, 0.48, 0.18, 0.73, 1.19, 0.58, 10 001000000 000
wholesome, 1.62, 0.46, -0.09, 1.75, 0.66, -0.1, 10 010000000 000
widowed, -1.15, -0.67, -0.86, -2.02, -1.35, -1.55, 10 001000000 000
wild, 1.43, 1.25, 1.54, 0.8, 0.95, 2.44, 10 010000000 000
wise, 2.2, 2.1, -0.8, 2.66, 2.67, -1.03, 10 010000000 000
wishy-washy, -1.13, -0.92, 0.07, -1.23, -1.46, -0.18, 10 010000000 000
withdrawn, -0.69, -0.56, -0.74, -1.09, -1.37, -1.44, 10 010000000 000
witty, 1.7, 1.16, 0.99, 1.8, 1.51, 0.93, 10 010000000 000
worried, -1.0, -0.75, -0.21, -1.72, -1.16, -0.4, 10 110000000 000
worthless, -1.27, -1.41, -0.63, -2.4, -2.72, -0.67, 10 000100000 000
worthy, 1.25, 1.18, 0.35, 1.68, 1.24, 0.04, 10 000100000 000
young, 1.51, 0.56, 1.5, 2.12, 1.02, 2.96, 10 001000000 000

