abominable snowman (mythical), -1.05, 2.36, 0.03, -1.07, 2.2, -0.57, 10 100000000 000
academic, 1.53, 1.02, 0.3, 1.74, 1.45, 0.17, 11 000010000 000
accomplice, -0.15, 0.38, 0.92, -1.43, 0.24, 0.96, 11 001000000 000
accountant, 0.95, 0.62, -0.47, 0.76, 1.3, -0.53, 11 010000000 000
accused, -0.88, -1.16, 0.12, -0.87, -1.51, 0.12, 11 001000000 000
acid head, -1.13, -1.54, 0.92, -1.42, -1.92, 0.99, 11 100000000 000
activist, 1.15, 1.12, 1.84, 1.66, 0.96, 1.88, 11 000100000 010
actor, 1.16, 0.64, 1.07, 1.28, 1.76, 1.71, 11 010000000 000
addict, -1.34, -2.01, 0.07, -1.56, -2.48, 0.59, 11 101001000 000
adolescent, 0.88, -0.8, 2.06, 1.4, -0.85, 3.01, 11 100000010 000
adult, 0.92, 1.35, -0.39, 1.29, 1.71, -0.19, 11 100000010 000
adulterer, -1.93, -0.04, 0.09, -2.71, -0.14, 0.53, 10 000000011 001
adulteress, -1.29, -0.29, 0.58, -2.41, -0.21, 1.16, 01 000000011 001
advertising copy writer, 0.41, 0.31, 0.58, 0.39, 1.01, 0.93, 11 010000000 000
advertising executive, 0.4, 1.61, 1.02, 0.45, 2.34, 1.66, 11 010000000 000
advisor, 1.51, 1.1, -0.16, 1.54, 1.62, -0.4, 11 110110000 000
African, 1.23, 0.17, 0.66, 1.69, 0.01, 1.05, 11 000100000 000
agnostic, 0.62, 0.47, 0.41, 0.29, -0.32, 0.39, 11 000000100 000
airline pilot, 1.56, 1.79, -0.02, 2.06, 2.45, 0.5, 11 010000000 000
alcoholic, -1.41, -2.01, -1.26, -1.72, -2.28, -0.99, 11 100001000 000
alderman, 0.98, 0.74, -0.62, 0.83, 0.84, -0.86, 11 000100000 000
alien (immigrant), 0.56, -1.07, 0.39, 0.91, -1.69, -0.06, 11 000100000 000
alumnus, 0.79, 1.02, -0.96, 1.19, 0.78, -1.37, 11 000010000 000
amateur, 0.75, -0.76, 1.48, 0.98, -1.19, 1.44, 11 100000000 000
anesthetist, 1.06, 0.78, -0.03, 0.89, 1.03, -0.19, 11 000001000 001
angel (mythical), 3.18, 2.31, 1.31, 3.64, 2.28, 1.41, 11 100000100 000
ankle-biter, -0.5, -1.48, 1.32, -0.26, -0.9, 2.32, 11 100000000 000
anorexic, -1.1, -1.69, 0.66, -1.48, -2.58, -0.04, 11 000001000 100
antagonist, -1.08, 0.54, 0.61, -1.16, 1.06, 0.3, 11 100000000 000
applicant, 0.86, -0.79, 0.88, 0.95, -1.16, 1.16, 11 010010000 000
apprentice, 1.27, -0.76, 1.32, 1.41, -0.68, 1.67, 11 010000000 000
architect, 1.56, 1.48, 0.16, 1.62, 1.24, 0.6, 11 010000000 000
ass, -1.84, -1.43, 0.05, -1.56, -0.65, 0.64, 11 100000000 000
assailant, -1.31, 0.73, 1.66, -1.85, 1.1, 1.16, 11 001000000 001
assassin, -2.21, 1.94, 1.63, -3.45, 2.38, 1.1, 11 001100000 001
assembly line worker, 0.57, -1.2, -0.48, 0.46, -1.74, -1.0, 11 010000000 000
assistant, 1.23, -0.53, 0.98, 1.77, -0.58, 1.48, 11 110001000 000
astronaut, 1.73, 1.97, 1.09, 2.21, 2.24, 1.15, 11 000100000 000
atheist, 0.0, -0.2, 0.35, 0.54, 0.14, 0.81, 11 000000100 000
athlete, 1.56, 1.8, 2.26, 1.75, 1.72, 2.7, 11 010010000 001
Attorney General, 0.99, 2.8, -1.23, 1.35, 2.86, -0.88, 11 001100000 000
attorney, 0.42, 1.71, 0.4, 0.2, 2.31, 0.91, 11 001000000 000
auctioneer, 0.66, 0.56, 0.86, 0.91, 0.81, 1.07, 11 010000000 000
Auditor General, 0.62, 1.67, -1.34, 0.4, 2.27, -0.89, 11 000100000 000
auditor, -0.97, 1.48, -0.79, -0.58, 1.57, -0.65, 11 010000000 000
aunt, 2.24, 0.05, -0.93, 2.24, 0.92, -0.38, 01 000000010 000
auntie, 2.12, -0.02, -1.43, 2.68, 0.71, -0.66, 01 000000010 000
Australian, 0.72, 0.25, 0.49, 1.36, 0.39, 0.95, 11 000100000 000
Austrian, 0.71, 0.33, 0.16, 1.0, 0.19, 0.23, 11 000100000 000
author, 1.64, 0.9, -0.9, 1.79, 1.49, -0.59, 11 010010000 000
authority, 0.15, 2.47, -1.04, 0.43, 2.69, -0.83, 11 011111100 000
autistic person, 0.54, -1.83, -0.74, 1.23, -1.14, 0.2, 11 000001000 000
auto mechanic, 0.8, 0.72, 0.15, 0.78, 0.41, -0.42, 11 010000000 000
babe (female), 2.29, 0.44, 2.87, 1.4, 0.93, 2.4, 01 100000000 000
baby, 2.4, -2.28, 2.58, 3.21, -1.85, 2.5, 11 100001010 001
babysitter, 1.43, -0.04, 1.58, 2.22, 0.52, 2.36, 11 000000010 011
bachelor, 1.06, 0.48, 1.68, 0.99, 0.77, 1.78, 10 000000011 000
backbencher, 0.05, -0.27, -0.22, 0.23, -0.73, 0.16, 11 000100000 000
backer, 1.33, 0.78, 0.58, 0.94, 0.75, 0.58, 11 110100000 000
bailiff, 0.79, 0.89, -0.57, 0.73, 1.5, -0.8, 10 001000000 001
bailsman, 0.44, 0.82, -0.16, 0.47, 0.39, -0.8, 11 001000000 000
baker, 1.14, -0.28, -0.28, 2.04, -0.09, -1.41, 11 010000000 000
ballet dancer, 1.03, -0.51, 2.02, 1.95, 0.36, 2.2, 11 010010000 000
bandit, -1.55, 0.7, 1.22, -2.12, 0.54, 1.38, 11 001000000 000
bank teller, 1.04, -0.07, 0.03, 1.27, 0.19, 0.53, 11 010000000 000
banker, 0.8, 1.04, -0.53, 0.88, 1.29, -0.58, 11 010000000 001
barkeeper, 1.35, 0.54, 1.4, 1.28, 1.02, 1.27, 11 010000000 000
barmaid, 1.2, -0.46, 1.56, 1.14, -0.65, 1.54, 01 010000000 000
bartender, 1.41, 0.68, 1.23, 1.61, 0.66, 1.79, 11 010000000 000
bean counter, 0.1, -1.29, -0.94, 0.59, -1.91, -1.2, 11 110100000 000
beautician, 1.29, -0.72, 1.45, 2.04, -0.07, 1.63, 11 010000000 001
beauty, 1.84, 0.88, 2.25, 1.72, 1.0, 2.25, 01 100000000 001
beggar, -1.06, -2.42, -1.02, -0.42, -2.74, -1.75, 11 100000000 000
beginner, 0.93, -1.75, 1.06, 1.28, -2.08, 1.26, 11 100000000 000
Belgian, 0.56, 0.29, 0.02, 0.86, -0.16, -0.21, 11 000100000 000
bellhop, 0.93, -0.78, 0.94, 1.46, -1.28, 0.67, 11 010000000 000
big shot, -0.66, 1.15, 1.12, -1.11, 0.92, 1.25, 11 100000000 000
bigamist, -2.07, 0.06, -0.45, -3.24, -0.39, -1.52, 11 001000011 011
Bigfoot (mythical), 0.41, 2.06, -0.13, 0.92, 1.52, -0.65, 11 100000000 000
bigot, -2.16, -0.88, -0.77, -2.93, -0.48, -0.61, 11 100000000 000
bill collector, -1.34, 0.95, -0.24, -1.42, 1.41, -0.69, 11 010000000 000
biologist, 0.8, 0.5, -0.19, 1.21, 1.37, -0.45, 11 010010000 000
bisexual, 0.39, -0.38, 1.33, 1.37, -0.27, 1.31, 11 000000001 001
bitch, -1.84, -0.54, 0.65, -1.78, 0.94, 0.93, 01 100000000 000
blabbermouth, -1.35, -0.89, 0.93, -1.64, -0.26, 1.56, 11 100000000 000
Black, 1.18, 0.4, 0.7, 1.8, 0.68, 1.05, 11 000100000 000
blacksmith, 0.86, 0.72, -1.08, 1.58, 0.02, -1.4, 11 010000000 000
bleeder, -0.41, -1.0, -0.06, -0.2, -1.43, -0.07, 11 000001000 011
blind date, 0.71, -0.05, 1.33, 0.5, -0.28, 1.79, 11 000000001 001
Bloc Quebecois, -0.62, 0.62, -0.62, -0.64, 0.55, -0.44, 11 000100000 000
blockhead, -0.5, -0.95, -0.3, -0.72, -0.95, -0.39, 11 100000000 000
blonde, 1.71, -0.04, 1.49, 1.16, -0.32, 1.8, 01 100000001 000
blood donor, 2.83, 1.07, 1.14, 3.26, 1.59, 0.74, 11 000001000 001
boarder, 0.26, -0.29, 0.76, 0.79, -0.71, 0.74, 11 010000000 000
bodyguard, 1.3, 2.12, 1.18, 1.6, 2.67, 1.66, 11 001100000 001
bohemian, 0.78, -0.19, 0.57, 0.83, 0.21, 0.77, 11 100000000 000
bonehead, -0.83, -1.16, 0.14, -0.69, -1.38, 0.15, 11 100000000 000
boob, 0.33, -0.67, 0.3, 0.24, -0.96, -0.38, 11 100000000 000
bookie, -0.62, 1.54, -0.1, -0.92, 1.73, 0.23, 11 011000000 000
bookkeeper, 0.79, 0.02, -0.92, 1.05, -0.27, -1.49, 11 010000000 000
bookworm, 0.63, -0.56, -0.57, 1.54, -0.15, -1.26, 11 000010000 000
boor, -1.22, -0.5, -0.79, -1.53, -0.59, -1.78, 11 100000000 000
Bosnian, 0.42, -0.3, -0.03, 0.75, -0.54, -0.2, 11 000100000 000
boss, 0.34, 2.45, -0.82, 0.09, 2.51, -0.72, 11 010000000 000
bouncer, -0.05, 1.87, 1.54, -0.11, 2.19, 1.92, 10 010000000 001
boxer, 0.67, 1.99, 1.98, 0.35, 2.01, 2.1, 10 010000000 001
boy scout, 1.43, -0.55, 2.16, 2.02, -0.56, 2.62, 10 100000000 000
boy, 1.18, -0.78, 2.16, 1.02, -0.15, 2.48, 10 100000010 000
boyfriend, 1.08, 0.77, 1.35, 2.78, 1.28, 2.46, 10 000000001 001
braggart, -1.13, -0.64, 0.43, -1.22, -1.16, 1.06, 11 100000000 000
brain, 1.56, 1.67, 0.92, 1.76, 2.17, 0.72, 11 000010000 000
brat, -1.92, -1.11, 1.72, -1.66, -0.63, 2.46, 11 100000010 000
breadwinner, 1.42, 1.67, 0.72, 1.49, 2.07, 0.44, 11 000000010 000
bricklayer, 0.88, 0.49, -0.34, 1.02, 0.31, -0.44, 11 010000000 000
Briton, 1.25, 0.42, 0.27, 0.47, 0.21, -0.13, 11 000100000 000
broad, 0.81, -0.35, 1.11, -0.41, -0.56, 0.45, 01 100000000 000
brother-in-law, 1.23, 0.4, 1.03, 1.31, 0.78, 1.0, 10 000000010 000
brother, 1.66, 1.28, 1.35, 2.2, 1.07, 2.03, 10 000000010 000
brunette, 1.22, 0.07, 1.23, 1.28, 0.32, 0.94, 01 100000001 000
brute, -1.02, 1.1, -0.04, -2.11, 1.22, -0.04, 10 100000000 001
Buddhist, 1.29, 0.58, -0.13, 1.48, 0.79, -1.11, 11 000000100 000
buddy, 2.41, 1.06, 1.86, 2.38, 1.13, 1.89, 11 100000000 000
buffoon, -1.48, -1.89, -0.34, -1.07, -0.81, 0.03, 11 100000000 000
building contractor, 0.97, 1.58, -0.16, 1.12, 1.48, -0.21, 11 010000000 000
bulimic, -0.96, -2.02, 1.06, -0.85, -2.53, 0.97, 11 000001000 100
bulldozer operator, 0.4, 0.24, -0.26, 0.95, 0.58, -0.85, 11 010000000 000
bully, -1.77, 1.17, 1.29, -2.52, 1.67, 1.6, 11 100000000 001
bum, -0.53, -2.46, -1.49, -0.3, -2.75, -1.81, 11 100000000 000
bumpkin, -0.01, -1.4, -0.54, 0.26, -1.37, -0.36, 11 100000000 000
burglar, -2.05, 0.36, 0.44, -2.82, 0.65, 1.3, 11 011000000 000
bus driver, 0.8, -0.33, -0.48, 1.07, -0.28, -1.08, 11 010000000 000
busboy, 0.7, -1.14, 1.22, 1.09, -1.38, 1.72, 10 010000000 000
busybody, 0.34, 0.09, 1.56, -0.49, -0.04, 1.32, 11 100000000 000
butch, -0.82, 0.73, 0.45, -0.9, 0.95, 0.47, 01 100000001 000
butcher, 0.99, 0.34, -0.38, 0.64, 0.19, -1.18, 11 010000000 000
butterfingers, -0.37, -0.96, 0.09, -0.03, -1.22, 0.43, 11 100000000 000
bystander, 0.43, -0.39, -0.17, 0.66, 0.17, 0.24, 11 100000000 000
C.E.O. (Chief Executive Officer), 0.88, 3.08, -0.47, 0.38, 3.23, -0.64, 11 010000000 000
cad, 0.12, -0.3, -0.12, -1.07, 0.09, -0.15, 10 100000000 000
call girl, -0.17, -0.81, 1.9, -1.34, -1.14, 2.01, 01 000000001 001
captive, -0.54, -2.18, 0.03, 0.23, -3.43, -0.34, 11 001100000 001
card, 0.7, -0.09, 0.46, 1.45, 0.39, 0.85, 11 100000000 000
carpenter, 1.33, 0.94, 0.31, 1.36, 0.54, -0.66, 11 010000000 000
cashier, 0.55, -1.44, 0.15, 1.4, -0.75, 0.31, 11 010000000 000
celebrity, 0.76, 1.58, 1.15, 1.28, 2.92, 1.82, 11 110000000 000
center (hockey), 1.32, 1.97, 2.25, 1.53, 2.17, 2.59, 10 110000000 000
chambermaid, 0.94, -1.11, 0.17, 1.15, -1.37, 0.25, 01 010000000 000
champion, 1.68, 1.92, 1.67, 1.84, 1.93, 1.96, 11 100010000 001
chap, 1.63, -0.13, 0.32, 1.95, 0.27, 1.15, 10 100000000 000
chaperon, 0.64, 0.43, -1.23, 0.23, 1.03, -1.49, 11 000000010 000
chatterbox, 0.11, -0.35, 1.52, 0.42, -0.31, 2.23, 11 100000000 000
cheerleader, 1.51, -0.3, 2.49, 1.03, -0.18, 3.1, 11 010010000 000
chef, 1.52, 0.59, -0.08, 1.95, 0.99, 0.53, 11 010000000 000
chemist, 0.68, 0.67, -0.58, 1.04, 1.05, -0.79, 11 010010000 000
chick, 1.45, -0.2, 2.19, 1.37, -0.41, 2.49, 01 100000000 000
Chief Justice of the Supreme Court, 1.26, 3.13, -2.32, 1.21, 3.44, -2.29, 11 001000000 000
child daycare worker, 1.68, 0.45, 1.2, 2.27, 1.18, 1.54, 11 110000000 000
child, 1.7, -1.71, 2.75, 2.59, -1.68, 3.3, 11 100000010 000
Chinese, 0.3, -0.01, -0.05, 0.7, -0.08, -0.04, 11 000100000 000
chiropractor, 1.36, 1.23, 0.12, 1.38, 1.48, 0.62, 11 000001000 001
Christian, 1.1, 0.26, -0.07, 0.75, -0.03, -0.8, 11 000000100 010
chum, 1.77, 0.48, 1.02, 1.95, 0.6, 1.41, 11 100000000 000
church deacon, 1.69, 0.63, -0.93, 1.54, 0.77, -1.71, 11 000000100 000
city councilor, 0.92, 1.2, -0.78, 0.81, 1.63, -0.62, 11 000100000 000
civil engineer, 1.31, 1.35, 0.0, 1.08, 1.6, 0.0, 10 010000000 000
civil servant, 1.37, 0.33, -0.06, 1.44, -0.23, -0.1, 11 001100000 000
classmate, 1.23, 0.16, 1.16, 1.64, 0.28, 1.78, 11 000010000 000
clergy, 1.8, 0.89, -1.49, 1.17, 0.8, -1.61, 11 000000100 000
clerk, 0.88, -0.9, 0.0, 1.15, -0.53, 0.07, 11 011000000 000
client, 1.01, 0.06, 0.36, 1.59, 0.43, 0.42, 11 011000000 000
clod, -0.67, -0.74, -0.4, -0.56, -1.47, -1.01, 11 100000000 000
clown, 1.51, -0.47, 1.18, 1.04, -0.52, 1.7, 11 100000000 000
co-worker, 1.37, 0.46, 0.78, 1.45, 0.56, 0.89, 11 010000000 000
coach, 1.04, 1.67, -0.15, 0.99, 2.26, 0.7, 11 010010000 001
coal miner, 0.73, -0.54, -0.35, 1.0, -0.24, -0.41, 10 010000000 000
coed, 1.27, 0.14, 1.35, 1.26, 0.32, 1.41, 01 000010000 000
colleague, 1.67, 0.57, 1.09, 1.64, 0.72, 0.86, 11 000011000 000
comedian, 1.76, 0.08, 1.64, 2.0, 1.0, 2.16, 11 100000000 000
companion, 2.6, 0.92, 1.48, 2.74, 1.21, 1.4, 11 100000000 000
computer programmer, 1.12, 0.66, 0.8, 1.37, 1.59, 0.64, 11 010010000 000
computer systems analyst, 1.26, 0.37, 0.61, 0.74, 1.11, 0.66, 11 010010000 000
concubine, 0.19, -0.47, 1.3, -0.6, -1.56, 0.96, 01 010000001 001
confidant, 1.72, 1.16, 0.32, 2.4, 1.8, 0.27, 11 100000000 000
conformist, -0.15, -0.78, -0.41, -0.13, -0.75, -0.19, 11 100000000 000
connoisseur, 1.01, 0.06, -0.5, 1.18, 1.1, -0.17, 11 100000000 000
construction foreman, 0.34, 1.88, -0.44, 0.74, 1.87, -0.58, 11 010000000 000
construction laborer, 0.4, 0.52, 0.65, 1.12, 0.52, 0.42, 11 010000000 000
consumer, 0.89, -0.06, 0.63, 0.81, 0.26, 0.91, 11 010000000 000
controller, -0.04, 1.31, 0.32, -1.02, 1.91, -0.1, 11 010100000 000
convict, -1.55, -0.87, 0.41, -2.4, -0.92, 0.32, 11 001000000 001
cook, 1.64, 0.33, 0.38, 2.1, 0.88, 0.07, 11 010000000 000
cop, 0.72, 2.38, 1.12, 1.07, 2.84, 1.12, 11 001000000 001
copper, 0.38, 1.42, 0.6, 0.19, 2.1, 0.16, 11 001000000 001
copycat, -1.29, -1.32, 0.72, -1.24, -1.6, 0.79, 11 100000000 000
coroner, 0.56, 0.6, -0.95, 0.56, 0.63, -1.45, 11 001001000 000
counselor, 1.64, 0.65, -0.36, 2.34, 1.57, 0.05, 11 111111100 000
courtesan, 0.26, 0.17, 0.96, 0.18, 0.49, 0.22, 01 010000001 001
cousin, 1.54, 0.16, 0.8, 1.86, 0.23, 1.56, 11 000000010 000
coward, -1.1, -2.42, 0.13, -0.66, -2.6, -0.49, 11 100000000 000
crab, -0.78, -0.64, -0.66, -1.74, -0.69, -0.96, 11 100000000 000
crackhead, -2.02, -2.35, 0.13, -1.78, -2.17, 0.29, 11 101000000 000
crackpot, -1.19, -1.38, 0.14, -1.91, -1.69, -0.68, 11 100000000 000
crane operator, 0.77, 0.71, -0.59, 1.0, 0.23, -0.44, 11 010000000 000
crank, -0.8, -0.32, -0.44, -1.76, -0.23, -0.6, 11 100000000 000
criminal, -2.1, 0.06, 0.54, -2.46, 0.55, 0.71, 11 001000000 000
cripple, -0.15, -1.89, -0.98, 0.56, -1.86, -1.29, 11 100001000 000
crippled person, 0.72, -1.84, -1.53, 1.76, -1.48, -1.23, 11 100001000 000
critic, -0.21, 0.33, -0.12, -0.39, 1.44, -0.27, 11 100110000 000
Croatian, 0.3, 0.01, 0.1, 0.9, -0.17, 0.1, 11 000100000 000
crone, -0.35, -0.39, -0.6, -0.14, -0.43, -0.96, 01 100000000 000
crony, 0.1, -0.08, -0.75, -0.07, -0.17, -0.6, 11 111111000 000
crook, -1.71, 0.17, 0.46, -2.78, 0.34, 0.21, 11 011000000 000
crown attorney, 1.0, 2.3, -0.56, 0.78, 2.7, -0.07, 11 001000000 000
crybaby, -1.35, -1.91, 0.65, -1.3, -1.67, 1.0, 11 100000000 000
Cuban, 0.41, 0.11, 0.48, 0.61, -0.34, 0.34, 11 000100000 000
culprit, -1.59, -0.26, 0.53, -2.09, -0.07, 0.54, 11 001000000 010
cult member, -1.87, -1.22, 0.29, -2.43, -1.22, 0.72, 11 100000100 000
customer, 0.96, 0.04, 0.47, 0.95, 0.04, 0.65, 11 010000000 000
cutthroat, -1.87, 0.63, 0.75, -1.83, 0.77, 0.77, 10 011100000 000
cyborg (mythical), -0.41, 1.81, 0.41, -1.45, 1.5, -0.63, 11 100000000 000
cynic, -0.54, 0.13, -0.04, -1.32, -0.22, -0.24, 11 100110000 000
Czech, 0.61, 0.1, 0.16, 0.74, 0.02, -0.45, 11 000100000 000
D.J. (disc jockey), 1.04, 0.44, 1.91, 1.73, 0.51, 2.21, 11 110000000 000
dairy farmer, 1.31, 0.42, 0.02, 1.55, 0.51, -1.28, 11 010000000 000
dame, 1.26, -0.4, 1.07, 1.26, 0.26, 0.63, 01 100000000 000
dandy, 0.97, 0.1, 0.78, 0.56, -0.33, 0.07, 10 100000000 000
Dane, 1.14, 0.63, 0.66, 1.27, 0.72, -0.4, 11 000100000 000
daredevil, 0.37, 0.61, 2.49, 0.95, 1.55, 2.92, 11 100000000 000
darling, 2.28, 0.6, 1.65, 2.59, 0.12, 1.15, 01 100000000 001
daughter-in-law, 0.88, -0.33, 1.13, 1.55, 0.15, 1.78, 01 000000010 000
daughter, 2.18, -0.01, 1.92, 2.3, 0.2, 2.16, 01 000000010 000
deadbeat dad, -2.66, -0.81, -1.49, -3.23, -0.49, -0.8, 10 001000010 000
deadbeat, -1.84, -1.44, -0.88, -1.8, -2.21, -1.42, 11 010000000 000
deadhead, -0.74, -1.5, -0.25, -0.3, -1.06, -0.69, 11 100000000 000
decorator, 0.8, -0.08, 0.85, 1.42, 0.1, 1.08, 11 010000000 000
defendant, 0.05, -0.44, 0.41, -0.14, -1.0, 0.12, 11 001000000 000
defenseman (hockey), 1.45, 2.29, 2.07, 1.28, 1.59, 2.6, 10 110000000 000
degenerate, -1.67, -1.66, -0.38, -1.17, -1.46, -1.26, 11 100001001 001
delinquent, -2.21, -1.13, 1.38, -1.52, -0.99, 2.25, 11 001000000 000
demon, -2.48, 2.06, -0.27, -3.59, 2.76, 1.04, 11 100000100 000
dental assistant, 1.02, 0.2, 1.02, 1.5, 0.2, 0.92, 01 000001000 001
dental hygienist, 1.13, 0.35, 0.87, 1.47, 0.05, 1.16, 01 000001000 001
dental technician, 1.15, 0.5, 0.29, 1.29, 0.6, -0.04, 11 000001000 000
dentist, 0.88, 1.21, -0.12, 0.92, 1.66, -0.91, 11 000001000 001
department head in city government, 0.88, 1.62, -1.11, 0.21, 2.28, -0.74, 11 000100000 000
deputy, 0.92, 1.52, 0.28, 1.06, 1.59, -0.16, 11 001000000 001
desperado, -0.12, 0.69, 1.36, -0.11, 0.07, 0.75, 11 001000000 001
detective, 1.49, 1.38, -0.16, 1.51, 1.91, -0.12, 11 001000000 001
dietitian, 0.68, 0.19, 0.5, 1.89, 0.8, 1.0, 11 010001000 000
dike, 0.26, -0.18, 0.32, 0.47, -0.47, 1.09, 01 000000001 001
dimwit, -0.91, -2.05, -0.6, -0.42, -1.87, -0.6, 11 100000000 000
diner, 1.08, 0.01, -0.06, 1.68, -0.16, 0.38, 11 010000000 000
disabled person, 0.13, -1.2, -0.53, 0.91, -1.34, -0.82, 11 000001000 000
disciplinarian, -0.4, 1.71, -0.6, -0.67, 1.91, -0.92, 11 000010110 001
dishwasher, 0.52, -1.39, 1.01, 0.75, -1.27, 0.33, 11 010000000 000
district attorney, 1.04, 2.28, 0.13, 1.0, 2.46, 0.43, 11 001000000 000
diva, 1.28, 0.53, 1.06, 1.05, 1.52, 2.55, 01 010000000 000
divorcee, -0.52, -0.19, -0.18, 0.42, -1.11, 0.17, 01 000000010 000
do-nothing, -1.53, -1.87, -0.52, -1.65, -2.04, -1.28, 11 110000000 000
doctor, 2.0, 2.18, 0.0, 2.55, 2.65, -0.46, 11 000001000 101
doll, 1.44, -0.54, 0.84, 1.68, -1.03, 1.53, 01 100000000 000
dolt, -1.12, -1.76, -0.75, -0.23, -1.89, -0.5, 11 100000000 000
doorkeeper, 0.72, -0.75, -1.11, 1.14, -0.55, -1.72, 10 010000000 000
doorman, 0.6, -0.54, -0.04, 1.71, -0.6, -1.26, 10 010000000 000
dope, -1.05, -1.35, -0.19, -0.92, -1.8, -1.03, 11 100000000 000
draftsman, 0.49, 0.78, 0.42, 1.41, 0.57, -0.01, 11 010000000 000
drag queen, -0.31, -1.17, 1.41, 1.15, 0.23, 2.03, 10 000000001 000
dragon (mythical), -0.44, 2.53, -0.12, -0.98, 2.75, 0.6, 11 100000000 001
dressmaker, 0.79, -0.5, -0.38, 1.93, -0.47, -0.7, 11 010000000 000
drip, -0.57, -0.89, 0.43, -1.25, -1.34, -0.8, 11 100000000 000
driving instructor, 0.25, 0.86, -0.61, 0.45, 0.95, -0.88, 11 010010000 000
dropout, -1.03, -1.91, 0.52, -1.39, -2.52, 0.19, 11 000010000 000
drudge, -0.92, -0.15, -1.41, -1.27, -1.02, -1.69, 11 110010000 000
drug addict, -1.72, -2.02, 0.67, -1.63, -2.4, -0.05, 11 001001000 000
druggist, 0.1, 0.13, 0.14, 0.75, 1.16, -0.61, 11 010001000 000
Druid (mythical), 0.06, 1.08, -0.42, -0.26, 2.01, -0.91, 11 000000100 000
drunk, -1.23, -1.46, -1.07, -1.27, -2.25, -1.04, 11 100000000 000
drunkard, -1.54, -1.81, -0.96, -1.71, -1.82, -1.24, 11 100000000 000
Dukhobor, 0.37, 0.31, -0.17, -0.72, 0.67, 1.39, 11 000100000 000
dullard, -0.94, -1.37, -0.79, -0.93, -1.07, -1.44, 11 000010000 000
dumbbell, 0.42, -0.95, 0.49, -0.18, -1.57, -0.6, 11 100000000 000
dummy, -0.63, -1.81, -0.93, -0.1, -1.95, -0.4, 11 100000000 000
dunce, -0.77, -1.74, -0.63, -0.57, -2.08, -0.58, 11 000010000 000
Dutchman, 0.83, 0.47, 0.2, 0.89, -0.02, -0.45, 11 000100000 000
East Indian, 0.67, 0.15, 0.17, 1.12, 0.02, -0.04, 11 000100000 000
Eastern Canadian, 1.06, -0.08, 0.04, 1.25, 0.01, 0.17, 11 000100000 000
easy mark, 0.68, -0.07, 0.4, 0.89, -1.03, 0.07, 11 110000000 000
economist, 0.6, 1.05, -0.31, 0.68, 1.41, 0.11, 11 010010000 000
editor, 0.62, 1.03, -0.03, 1.12, 1.76, 0.1, 11 010010000 000
egghead, 0.47, -0.44, 0.07, -0.53, -1.06, -0.13, 11 000010000 000
electrician, 0.96, 0.4, -0.2, 1.42, 0.63, -0.85, 11 010000000 000
elementary school teacher, 1.6, 0.85, 0.61, 2.63, 1.76, 1.44, 11 000010000 000
elevator operator in a building, 1.27, -1.0, -1.08, 0.89, -0.91, -1.44, 11 110000000 000
elf (mythical), 1.51, 0.02, 0.96, 2.1, 0.12, 1.91, 11 100000000 000
elitist, -0.78, 1.29, -0.41, -0.82, 2.17, -0.29, 11 100000000 000
embalmer, 0.74, 0.44, -1.15, 0.22, 0.19, -1.31, 11 010001000 000
employee, 1.19, 0.03, 0.87, 1.6, -0.66, 0.79, 11 010000000 000
employer, 0.88, 1.68, -0.32, 1.04, 2.2, -1.11, 11 010000000 000
end (football), 1.52, 1.62, 1.93, 0.81, 1.77, 1.72, 10 010010000 001
engineer, 1.39, 1.12, 0.75, 1.26, 1.91, 0.26, 11 010000000 000
English Canadian, 1.12, 1.15, 0.84, 1.31, 1.26, 0.73, 11 000100000 000
Eskimo, 0.79, -0.47, -0.23, 1.36, -0.08, -0.71, 11 000100000 000
Estonian, 0.36, -0.09, 0.0, 0.76, 0.16, -0.17, 11 000100000 000
evangelist, -0.17, 0.56, -0.78, -0.38, 0.85, 0.92, 11 000000100 000
evildoer, -2.21, 0.42, 0.15, -3.24, 1.69, 0.49, 11 000000100 000
executive, 0.64, 1.76, -0.37, 0.6, 2.22, 0.05, 11 010000000 000
expert, 1.21, 1.88, 0.05, 1.54, 2.45, -0.22, 11 011111000 000
extrovert, 1.32, 0.88, 1.94, 1.48, 1.57, 2.23, 11 100000000 000
eyewitness, 0.96, 0.8, 0.59, 1.12, 1.23, 0.24, 11 001000000 000
fag, -0.16, -0.78, 0.69, 0.5, -0.77, 0.92, 10 100000001 000
fairy (mythical), 2.06, -0.08, 1.51, 2.97, 0.92, 2.68, 11 100000000 000
fan, 1.3, -0.07, 1.0, 1.35, 0.03, 1.85, 11 100000000 000
fanatic, -0.27, 0.41, 1.53, -0.03, -0.15, 1.92, 11 100100000 000
farm laborer, 1.3, 0.08, 0.6, 1.54, 0.38, -0.42, 11 010000000 000
farmer, 1.55, 0.76, -0.8, 2.09, 0.8, -1.04, 11 010000000 000
fast food server, 0.49, -2.12, 1.39, 0.68, -1.74, 1.35, 11 010000000 000
father-in-law, 1.2, 0.89, -0.44, 1.24, 1.37, -1.15, 10 000000010 000
father, 1.84, 1.78, 0.02, 2.01, 2.29, -0.23, 10 000000010 001
faultfinder, -1.2, -0.54, 0.01, -1.88, -0.18, -0.65, 11 100000000 000
federal cabinet minister, 0.72, 2.06, -1.45, 0.13, 2.46, -1.53, 11 000100000 000
fellow, 1.04, 0.45, 0.57, 1.05, 0.33, 0.43, 10 100000000 000
felon, -1.64, -0.63, 0.71, -2.1, -0.11, 0.6, 11 001000000 001
female, 2.09, 0.43, 1.42, 2.31, 1.47, 1.27, 01 100000001 000
feminist, 0.05, 0.14, 1.05, 0.79, 1.24, 1.78, 11 000100000 000
femme, 1.73, 0.24, 1.56, 1.32, 0.39, 1.23, 01 100000001 000
fiend, -1.08, 0.58, 0.91, -0.63, 0.56, 1.31, 11 000001101 000
file clerk, 0.83, -1.39, -0.79, 1.13, -1.53, -0.4, 11 010000000 000
finance minister (federal), 0.84, 2.16, -1.0, 0.29, 2.62, -0.78, 11 000100000 000
fink, -1.74, -0.6, 0.2, -2.47, -0.47, 0.36, 11 100000000 000
Finn, 0.8, 0.14, -0.03, 1.17, -0.04, 0.13, 11 000100000 000
fire-fighter, 2.62, 2.01, 2.18, 3.11, 2.69, 2.69, 10 101000000 001
firebug, -0.12, -0.26, 0.3, 0.79, -0.37, 0.78, 11 001000000 000
fireman, 1.52, 1.84, 1.14, 2.6, 2.57, 2.2, 10 001000000 001
firstborn, 1.3, 0.12, 1.38, 2.06, 1.54, 1.97, 11 000000010 000
fisherman, 1.08, -0.41, -1.0, 1.53, 0.2, -1.4, 11 110000000 000
flatfoot, 0.32, -0.01, -0.21, 0.1, -0.62, -0.61, 11 001000000 000
flight attendant, 1.58, -0.08, 1.77, 2.24, 0.43, 2.2, 11 010000000 000
flirt, 0.94, 0.31, 2.14, 0.18, 1.22, 2.15, 11 000000001 000
floorwalker, 0.25, -0.28, 0.15, 0.65, -0.37, -0.84, 11 010000000 000
flunky, -0.58, -1.42, 0.63, -0.51, -1.63, 0.49, 11 110100000 000
fool, -1.37, -1.66, 0.06, -0.6, -1.87, 0.13, 11 100000000 000
forward (hockey), 1.22, 1.95, 2.72, 1.35, 1.93, 2.78, 10 110000000 000
Frankensteins monster (mythical), -1.18, 2.42, -1.12, -0.47, 1.4, -1.41, 10 100000000 000
freak, -0.52, -0.83, 0.82, -0.24, -0.83, 1.27, 11 100000000 000
free spirit, 2.03, 0.51, 1.76, 2.82, 1.74, 2.6, 11 100000000 000
French Canadian, 0.58, 0.26, 0.47, 1.04, -0.04, 0.04, 11 000100000 000
freshman, 0.96, -1.03, 2.73, 1.22, -1.35, 2.81, 11 000010000 000
friend, 2.59, 1.41, 1.66, 2.91, 1.64, 2.0, 11 100000000 000
frosh, 1.18, -0.97, 2.22, 1.62, -1.81, 2.77, 11 000010000 000
fruit packer in a cannery, 0.54, -1.29, 0.45, 0.62, -1.31, -0.64, 11 010000000 000
fruit, -0.08, -0.75, 0.42, 0.21, -1.09, 0.52, 10 000000001 000
fuddy-duddy, -0.33, -0.72, 0.11, 0.33, -1.32, -0.61, 11 100000000 000
fugitive, -1.6, -0.48, 1.31, -1.74, -0.87, 1.08, 11 001000000 001
fullback (football), 1.27, 2.2, 1.95, 0.69, 2.11, 2.37, 10 010010000 001
funeral director, 1.34, 0.11, -1.45, 1.15, 0.4, -1.58, 11 010000000 000
gal, 1.48, -0.01, 1.07, 1.58, -0.26, 1.97, 01 100000000 000
gambler, -0.27, -0.25, 0.55, -0.54, -0.55, 0.03, 11 110000000 000
gamer, 0.72, 0.31, 1.01, -0.2, 0.46, 1.31, 11 100000000 000
gangster, -1.97, 1.88, 0.83, -1.8, 2.41, 0.99, 10 011000000 000
garbage collector, 0.41, -0.73, 0.18, 1.2, -0.89, -0.17, 11 010000000 000
gas station attendant, 0.62, -1.5, 0.63, 0.87, -1.43, 0.56, 11 010000000 000
geek, -0.13, -1.43, 0.21, 0.82, -1.67, 0.34, 11 100010000 000
geezer, 0.54, -1.83, -2.9, 0.49, -1.12, -3.27, 10 100000000 000
general manager - manufacturing plant, 0.68, 2.12, -0.6, 0.43, 2.13, -0.25, 11 010000000 000
genie, 1.94, 2.77, -0.21, 1.72, 2.91, 0.75, 11 100000000 000
genius, 1.64, 2.18, 0.33, 1.33, 2.36, -0.15, 11 000010000 000
gent, 1.94, 0.82, 0.45, 2.15, 1.14, 0.29, 10 100000000 000
gentleman, 2.21, 1.21, 0.6, 2.35, 1.16, -0.07, 10 100000000 000
German, 0.36, 0.64, 0.22, 0.53, 0.24, -0.28, 11 000100000 000
ghost (mythical), -0.26, 1.04, -1.13, -0.7, 1.49, -0.77, 11 000000100 000
ghoul (mythical), -1.58, 0.84, -0.85, -2.22, 1.05, -1.01, 11 100000000 000
gigolo, -0.52, 0.37, 1.91, -1.07, 0.88, 1.79, 10 010000001 001
girl scout, 1.69, -0.79, 2.11, 1.96, -0.28, 2.39, 01 100000000 000
girl, 1.96, -0.1, 1.92, 2.35, 0.0, 2.44, 01 100000001 000
girlfriend, 2.47, 0.72, 2.24, 2.36, 1.33, 2.2, 01 000000001 001
glutton, -0.96, -1.06, -0.5, -1.11, -1.43, -0.6, 11 100000000 000
goalie (hockey), 1.31, 1.7, 2.5, 1.17, 1.84, 2.46, 10 110000000 000
God, 2.47, 2.89, -0.25, 2.25, 3.01, -0.88, 11 000000100 000
goddess (mythical), 2.44, 2.6, 1.69, 2.38, 2.36, 2.18, 01 000000100 000
gold digger, -0.76, -0.09, 0.23, -1.07, 0.4, 1.05, 01 010000001 000
goon, -1.44, 0.12, 0.71, -1.22, -0.38, 0.3, 10 100000000 000
gossip, -1.38, 0.01, 0.88, -1.56, 0.35, 1.73, 11 100000000 000
Goth, -0.63, -0.42, 0.26, -0.39, -0.52, 0.19, 11 100000000 000
gourmet, 1.55, 0.33, 0.3, 1.5, 0.81, 0.72, 11 100000000 000
Governor General, 1.2, 2.3, -1.53, 0.78, 2.54, -1.37, 11 000100000 000
graduate student, 1.48, 0.8, 1.01, 2.0, 0.66, 1.33, 11 000010000 000
grain farmer, 1.26, 0.18, -1.14, 2.13, 0.38, -1.33, 11 010000000 000
grandchild, 1.98, -1.24, 2.6, 2.55, -0.31, 3.18, 11 000000010 001
granddaughter, 1.91, -0.47, 2.32, 2.48, 0.1, 2.52, 01 000000010 001
grandfather, 2.61, 0.44, -2.74, 2.92, 1.54, -2.74, 10 000000010 001
grandmother, 2.75, -0.22, -2.07, 3.15, 0.64, -2.44, 01 000000010 001
grandparent, 2.74, 0.25, -2.72, 3.14, 1.82, -2.86, 11 000000010 001
grandson, 1.85, -0.41, 2.13, 2.13, -0.62, 2.42, 10 000000010 001
granny, 2.39, -0.82, -2.65, 2.88, 0.42, -2.8, 01 000000010 000
gremlin (mythical), -1.57, 0.17, 0.35, -1.84, 0.77, 0.77, 11 100000000 000
grind, 0.09, -0.21, -0.15, -0.43, 0.02, 0.17, 11 000010000 000
grouch, -1.8, -0.85, -1.53, -1.98, -0.63, -1.96, 11 100000000 000
groupie, 0.52, -1.11, 1.71, 0.74, -0.76, 2.22, 11 110000001 000
grown-up, 1.08, 1.36, -0.33, 1.22, 1.64, -0.36, 11 000000010 000
guard (football), 1.02, 1.81, 1.47, 0.88, 2.05, 2.12, 10 010010000 001
guerrilla, 0.13, 1.3, 1.11, -0.85, 2.07, 1.76, 11 000100000 000
guest, 1.54, -0.19, 0.79, 1.92, -0.36, 0.47, 11 100000010 000
gunman, -1.72, 1.66, 1.26, -2.74, 1.74, 1.16, 10 001000000 001
guy, 0.8, 0.89, 1.03, 1.31, 1.17, 1.76, 10 100000000 000
hacker, -0.81, 1.56, 1.57, -1.04, 2.44, 1.84, 11 110010000 000
hag, -1.43, -1.3, -2.24, -1.63, -1.24, -2.51, 01 100000000 000
half-wit, -0.67, -1.95, -0.03, -0.31, -1.93, -0.73, 11 100000000 000
half brother, 0.99, 0.2, 1.09, 1.0, 0.02, 1.0, 10 000000010 000
half sister, 0.76, -0.2, 0.96, 0.8, -0.01, 1.24, 01 000000010 000
halfback (football), 0.98, 1.8, 2.64, 0.38, 2.2, 2.85, 10 010010000 001
handicapped person, 1.03, -1.84, -1.01, 1.7, -1.44, -0.59, 11 001001000 000
handyman, 1.3, 0.59, -0.07, 1.71, 0.95, 0.0, 10 110000000 000
hanger-on, -0.28, -1.17, -0.19, -0.54, -1.88, 0.06, 11 100000000 000
harlot, -0.65, -0.62, 0.79, -1.16, -0.69, 1.29, 01 010000001 001
has-been, 0.01, -1.6, -1.89, -0.25, -1.68, -1.69, 11 010110000 000
he-man, 1.17, 1.84, 1.49, 1.05, 2.36, 1.64, 10 100000000 000
headwaiter, 0.95, 0.6, 0.92, 1.17, 1.02, 1.29, 10 010000000 000
heel, -0.98, -0.81, -0.34, -0.49, -1.65, -0.28, 11 100000000 000
henchman, -0.56, 0.76, 0.01, -1.72, 0.54, -0.69, 10 001000000 001
hermaphrodite, -0.04, -0.4, 0.14, 0.08, -1.05, 0.31, 11 000001000 000
hermit, 0.15, -1.66, -2.24, 0.2, -2.09, -2.09, 11 100000000 000
hero, 2.43, 2.18, 1.34, 2.9, 2.95, 2.05, 10 100000000 000
heroine, 2.23, 1.91, 1.92, 2.9, 2.71, 2.5, 01 100000000 000
heterosexual, 1.07, 0.74, 0.39, 1.04, 0.97, 0.49, 11 000000001 000
hick, 0.21, -0.82, -0.21, 0.04, -0.72, -0.73, 11 100000000 000
high school teacher, 1.54, 1.45, -0.06, 1.87, 1.68, 0.05, 11 000010000 000
highwayman, 0.41, 0.34, 0.09, 0.27, -0.06, -0.11, 10 001000000 001
hillbilly, -0.09, -0.63, -0.32, 0.75, -1.16, -0.9, 11 100000000 000
Hindu, 0.81, 0.39, 0.08, 1.18, 0.2, -0.78, 11 000000100 000
hippie, 1.04, -1.0, 0.84, 1.84, -0.25, 1.1, 11 100000000 000
hobo, -0.21, -2.27, -1.54, 0.5, -2.4, -1.81, 11 100000000 000
hog farmer, 1.21, -0.26, -0.68, 1.6, -0.11, -1.67, 11 010000000 000
homebody, 0.37, -0.65, -0.39, 0.87, -1.09, -0.95, 11 100000010 000
homemaker, 1.46, -0.04, -0.01, 2.27, -0.41, -0.09, 11 000000010 000
homo, -0.04, -0.45, 0.44, 1.18, -0.81, 0.43, 10 000000001 000
homosexual, 0.35, -0.62, 0.83, 1.64, -0.42, 1.05, 11 000000001 000
hood, -1.31, 0.43, 1.08, -0.86, 0.31, 1.21, 10 001000000 000
hoodlum, -1.7, -0.15, 1.68, -1.63, -0.6, 1.67, 10 001000000 000
hooker, -0.71, -1.35, 1.74, -1.56, -1.82, 1.85, 01 010000001 001
hooligan, -1.32, -0.44, 0.97, -1.59, -0.64, 1.93, 10 100000000 001
host, 1.78, 0.95, 0.73, 2.36, 1.49, 1.07, 10 100000000 000
hostage, -0.69, -2.31, 0.08, -0.28, -3.2, -0.1, 11 001100000 001
hostess, 1.85, 0.05, 1.45, 2.44, 0.53, 1.56, 01 100000000 000
hothead, -1.74, -0.26, 1.44, -1.4, 0.02, 1.69, 11 100000000 000
hotshot, -0.62, 0.72, 1.96, -1.2, 0.79, 2.12, 11 100000000 000
house guest, 1.56, -0.39, 0.6, 1.67, -0.61, 0.61, 11 000000010 000
housebreaker, -1.73, 0.1, 0.99, -2.32, 0.39, 0.98, 11 001000000 000
housekeeper, 0.84, -0.55, -0.03, 1.57, -1.12, -1.26, 11 010000010 000
housemaid, 0.86, -1.19, -0.07, 1.35, -1.06, -0.36, 01 010000010 000
housewife, 1.46, -0.24, 0.27, 2.21, -0.13, 0.51, 01 000000010 000
hunchback, -0.01, -0.71, -1.28, 0.3, -1.29, -2.0, 11 000001000 000
Hungarian, 0.81, 0.5, -0.17, 0.59, -0.07, 0.05, 11 000100000 000
husband, 1.15, 1.04, 0.1, 2.03, 1.35, 0.92, 10 000000011 001
hussy, -0.24, -0.75, 0.66, -1.49, -0.95, 1.14, 01 000000001 001
Hutterite, 0.07, -1.04, -0.7, 0.83, -0.8, -0.33, 11 000100100 000
hybrid (mythical), 0.3, 0.62, 0.56, 0.32, 0.9, 0.87, 11 100000000 000
hypochondriac, -0.42, -1.17, 0.2, -0.9, -1.66, 0.05, 11 000001000 000
hypocrite, -1.95, -0.62, 0.13, -2.3, -0.98, 0.34, 11 100000000 000
Icelander, 0.63, -0.09, 0.2, 0.98, 0.07, -0.11, 11 000100000 000
idiot, -1.03, -1.53, -0.29, -1.18, -1.59, -0.35, 11 100000000 000
ignoramus, -1.03, -1.3, -0.27, -1.31, -1.42, -0.65, 11 100010000 000
imbecile, -1.23, -1.78, -0.06, -0.89, -1.91, -0.17, 11 100000000 000
immigrant, 0.44, -0.77, 0.13, 1.2, -0.82, -0.39, 11 000100000 000
imp, 0.26, -1.72, -0.02, -0.12, -0.49, -0.42, 11 100000000 000
in-law, 0.44, 0.17, -0.26, 0.63, 0.98, -0.64, 11 000000010 000
infant, 1.99, -1.9, 2.28, 3.02, -2.32, 2.81, 11 000001010 001
informant, -0.11, 0.51, 0.57, -0.13, 1.37, 0.68, 11 001100000 000
informer, -0.13, 0.74, 0.67, -0.24, 1.12, 1.09, 11 001000000 000
inmate, -1.86, -1.09, 0.24, -2.13, -1.31, -0.16, 11 001000000 001
innocent, 1.33, -0.52, 0.64, 1.67, -0.57, 0.57, 11 100000000 000
insider, 0.45, 1.19, 0.64, -0.12, 1.73, 0.96, 11 010100000 000
inspector, 0.97, 1.49, -0.21, 0.99, 1.66, -0.22, 11 001000000 001
instructor, 1.22, 1.32, 0.24, 1.6, 1.72, 0.34, 11 000010000 000
insurance agent, 0.14, 0.98, -0.01, 0.05, 1.19, -0.34, 11 010000000 000
insurance claims investigator, 0.23, 1.28, -0.31, -0.5, 1.57, -0.92, 11 010000000 000
intern, 1.1, -0.79, 1.77, 1.54, -0.56, 1.99, 11 000001000 001
intimate, 1.62, 0.65, 1.48, 1.56, 0.71, 1.32, 11 000000001 001
introvert, 0.52, -0.63, -0.47, 0.28, -1.34, -1.3, 11 100000000 000
Inuit, 0.95, -0.74, -0.41, 1.3, -0.45, -0.87, 11 000100000 000
invalid, -0.65, -2.1, -1.28, 0.11, -1.89, -0.81, 11 000001000 001
Irishman, 0.54, 0.1, 0.06, 1.34, 0.22, 0.23, 11 000100000 000
Israeli, 0.32, 0.26, 0.21, 0.51, 0.14, -0.11, 11 000100000 000
Italian, 0.52, 0.37, 0.28, 1.24, 0.82, -0.15, 11 000100000 000
jackass, -1.84, -0.99, 0.55, -2.03, -0.59, 0.63, 11 100000000 000
Jamaican, 0.83, -0.01, 0.39, 1.24, 0.37, 0.77, 11 000100000 000
janitor, 1.5, -0.85, -1.28, 1.54, -1.25, -1.82, 11 010000000 000
Japanese, 0.79, 0.15, 0.44, 0.98, -0.01, 0.14, 11 000100000 000
jazz musician, 1.66, 0.0, -0.82, 2.19, 0.88, 0.46, 11 110000000 000
jerk, -2.0, -0.72, 0.29, -2.8, -0.64, 0.93, 11 100000000 000
Jew, 0.81, 0.2, 0.12, 1.39, -0.19, 0.15, 11 000000100 000
jeweler, 0.86, 0.55, -0.75, 1.39, 0.14, -1.49, 11 010000000 000
jock, 0.35, 1.43, 2.14, 0.51, 1.48, 2.44, 11 000010000 000
JP (justice of the peace), 1.26, 1.77, -0.38, 1.36, 2.24, -1.15, 11 001000000 000
judge, 1.28, 2.93, -1.92, 1.56, 3.29, -1.64, 11 001000000 000
junkie, -1.53, -2.07, 0.26, -1.67, -2.52, -0.14, 11 101000000 000
juror, 1.24, 1.17, -0.04, 1.15, 1.98, -0.07, 11 001000000 001
justice of the Supreme Court, 1.26, 2.75, -1.33, 1.07, 3.19, -1.69, 11 001000000 000
juvenile, 0.38, -1.29, 2.08, -0.22, -1.6, 2.24, 11 001000010 000
kid, 1.34, -1.4, 2.3, 1.85, -1.42, 2.84, 11 100000000 000
killjoy, -0.51, -0.31, 0.52, -1.89, 0.68, 0.33, 11 100000000 000
kindred spirit, 1.86, 1.09, 1.26, 2.94, 1.65, 1.15, 11 100000000 000
klutz, -0.45, -1.52, 0.11, 0.18, -1.28, 0.87, 11 100000000 000
kook, -0.62, -1.21, 0.39, -0.55, -1.38, -0.5, 11 100000000 000
Kosovar, 0.4, -0.24, 0.49, 0.85, -0.5, -0.39, 11 000100000 000
labor union president, 0.89, 2.59, -0.89, 0.75, 2.04, -0.55, 11 010000000 000
lad, 1.1, -0.73, 1.43, 1.39, -0.41, 1.92, 10 100000000 000
lady, 1.95, 0.4, 1.02, 2.11, 0.67, 0.63, 01 100000000 000
ladykiller, -1.95, 0.33, 1.47, -2.7, 1.15, 1.25, 10 000000001 000
landlady, 0.09, 0.94, -1.42, 0.0, 1.64, -1.4, 01 010000000 000
landlord, 0.13, 1.37, -0.88, -0.63, 1.67, -1.0, 10 010000000 000
lass, 1.23, -0.86, 1.25, 1.2, -0.09, 1.36, 01 100000000 000
law-breaker, -1.65, -0.41, 1.02, -1.92, -0.79, 0.96, 11 001000000 000
lawyer, 0.21, 2.09, 0.12, 0.35, 2.48, 0.56, 11 001000000 000
Lebanese, -0.01, -0.07, 0.16, 0.68, -0.07, -0.08, 11 000100000 000
lecher, -0.53, -0.39, -0.48, -1.95, -0.42, -0.32, 10 000000001 000
leprechaun (mythical), 1.25, 1.06, 0.86, 0.66, 1.03, 2.19, 11 100000000 000
lesbian, 0.64, -0.45, 0.42, 1.28, 0.01, 1.02, 01 000000001 000
liar, -2.18, -0.04, 0.56, -2.64, -0.05, 0.7, 11 100000000 000
Liberal, 1.14, 1.12, -0.06, 1.09, 1.27, 0.4, 11 000100000 000
librarian, 0.93, -1.17, -2.26, 1.67, -0.2, -2.22, 11 000010000 000
library assistant, 0.77, -0.53, -0.47, 1.44, -0.81, -1.27, 11 000010000 000
Lieutenant Governor, 1.21, 1.67, -1.03, 0.93, 2.19, -1.34, 11 000100000 000
lifeguard, 1.86, 1.72, 2.25, 2.2, 1.84, 2.42, 11 010000000 000
lifer, -0.34, -1.37, -1.28, -0.5, -1.38, -0.67, 11 001000000 000
linebacker (football), 1.19, 2.07, 1.88, 1.06, 2.23, 2.43, 10 010010000 001
lineman, 1.14, 1.65, 1.57, 0.44, 1.35, 1.77, 10 010000000 000
Lithuanian, 0.25, 0.01, 0.24, 0.87, -0.25, -0.02, 11 000100000 000
loafer, -0.91, -1.46, -0.6, -0.93, -1.12, -1.27, 11 110000000 000
loan shark, -1.04, 1.67, -0.15, -1.61, 1.92, -0.42, 11 010000000 000
lodger, 0.47, 0.31, 0.04, 0.7, -0.08, -0.52, 11 010000000 000
logger, 0.63, 0.66, 0.41, 1.05, 0.69, 0.49, 10 010000000 000
loner, -0.13, -1.19, -0.89, -0.07, -1.73, -0.64, 11 100000000 000
longshoreman, 0.78, 0.14, -0.41, 0.75, -0.05, -0.94, 10 010000000 000
look-out, 0.39, -0.13, 0.73, 0.84, 0.35, 0.51, 11 001000000 000
loser, -1.14, -1.52, 0.28, -1.46, -1.98, 0.04, 11 100000000 000
louse, -1.46, -1.36, -0.1, -1.61, -1.25, -0.58, 11 100000000 000
lout, -1.21, -0.77, -0.73, -1.11, -0.87, -0.51, 11 100000000 000
lover, 2.71, 1.1, 2.21, 3.05, 2.21, 2.29, 11 000000001 001
lowlife, -1.28, -1.33, -0.49, -2.04, -1.94, -0.82, 11 100000000 000
lunatic, -1.2, -0.49, 0.55, -1.61, -1.04, 0.81, 11 100001000 000
lush, -0.63, -1.14, 0.0, -0.83, -1.57, 0.53, 11 100000000 000
machine operator in a factory, 0.66, -0.83, -0.39, 1.07, -0.82, -0.9, 11 010000000 000
machine set-up man in a factory, 0.47, -0.15, -0.44, 0.88, -0.44, -1.22, 11 010000000 000
madam, 0.83, 0.33, -0.31, 0.27, 0.74, -0.72, 11 100000001 000
madman, -2.15, -0.07, 0.2, -2.22, 0.27, 0.42, 10 100001000 000
Mafioso, -1.02, 2.35, -0.97, -1.29, 2.47, -0.97, 10 011000000 000
magician, 1.7, 1.19, 0.24, 1.85, 1.47, 0.37, 11 010000100 000
maid, 0.99, -0.99, -0.15, 1.38, -1.64, -0.45, 01 010000000 000
maiden, 2.04, -1.15, 1.21, 2.34, -1.32, 1.68, 01 100000000 000
mail carrier, 1.44, -0.03, 0.13, 1.74, 0.23, 0.12, 11 010000000 000
mailman, 1.44, -0.2, 0.27, 1.76, 0.12, 0.08, 10 010000000 000
man, 0.95, 1.15, 0.55, 1.56, 1.47, -0.12, 10 100000001 000
manager, 0.79, 1.54, -0.36, 0.74, 1.8, 0.17, 11 010000000 000
maniac, -2.09, 0.2, 1.24, -1.32, -0.2, 1.07, 11 100001000 001
manipulator, -1.74, 1.56, 1.03, -2.43, 1.64, 0.87, 11 111100000 000
Maritimer, 0.76, -0.32, -0.12, 1.58, -0.01, -0.07, 11 000100000 000
mastermind, 1.25, 2.7, 0.35, 0.63, 2.52, 1.03, 11 001100000 000
mate, 1.83, 0.56, 1.5, 2.43, 1.45, 1.4, 11 100000001 001
mathematician, 0.92, 0.37, -0.71, 1.07, 1.11, -1.48, 11 000010000 000
maverick, 0.93, 1.32, 1.55, 0.18, 1.93, 1.5, 11 100000000 000
mayor of a large city, 1.23, 2.27, -0.62, 0.93, 2.49, -0.41, 11 000100000 000
mayor, 1.12, 2.11, -1.06, 1.2, 2.12, -0.81, 11 000100000 000
media mogul, 0.03, 1.76, -0.21, -0.35, 1.22, 1.07, 11 010000000 000
medic, 1.44, 1.04, 0.89, 2.01, 2.1, 1.77, 11 000001000 000
Mennonite, 0.81, -0.89, -1.17, 1.24, -0.69, -1.11, 11 000100100 000
mermaid (mythical), 2.08, 0.14, 2.12, 2.76, 0.26, 2.72, 01 100000000 000
Metis, 1.04, -0.5, 0.07, 1.22, -0.26, -0.31, 11 000100000 000
midget, 0.72, -1.45, 0.16, 1.28, -1.64, 0.64, 11 100000000 000
millionaire, 0.48, 2.32, -0.76, 1.04, 2.6, -0.87, 11 010000000 000
miner, 0.41, -0.23, -0.45, 0.93, 0.0, -0.49, 10 010000000 000
mining engineer, 0.79, 0.82, 0.16, 1.1, 1.13, -0.09, 11 010000000 000
minister (religious), 2.08, 1.21, -1.36, 1.56, 2.01, -1.44, 11 000000100 000
minister of health (federal), 1.35, 1.98, -0.55, 0.65, 2.34, -1.36, 11 000101000 000
minister without portfolio, 0.23, -0.15, -0.61, 0.48, 0.17, -1.2, 11 000100000 000
minor, 0.62, -1.2, 1.69, 0.32, -1.62, 2.48, 11 001000000 000
miser, -0.87, 0.25, -1.37, -1.02, 0.41, -1.52, 11 100000000 000
miss, 1.18, -0.27, 0.49, 1.61, -0.53, 1.79, 01 100000010 000
mistress, 0.09, -0.15, 1.88, -1.4, -0.44, 1.8, 01 000000001 001
mobster, -1.49, 2.52, -0.34, -1.98, 2.85, -0.46, 10 011000000 000
model, 1.11, 0.16, 1.92, 1.08, 0.98, 2.06, 11 010000000 000
mooch, -1.71, -1.65, 0.79, -2.12, -1.23, 0.83, 11 100000000 000
moron, -1.11, -1.49, -0.57, -1.33, -1.76, -0.23, 11 100000000 000
motel owner, 0.35, 0.36, -0.94, 0.46, 0.0, -1.33, 11 010000000 000
mother, 2.19, 1.75, 0.32, 2.74, 2.04, 0.67, 01 000000010 001
Mountie, 1.77, 2.0, 0.82, 1.74, 2.19, 0.87, 11 001000000 001
mourner, 0.04, -1.12, -0.84, 0.44, -1.46, -1.72, 11 000000100 100
mouthpiece, -0.71, 0.24, 0.8, -0.8, -0.44, 0.96, 11 001000000 000
MP (Member of Parliament), 0.59, 1.51, -1.23, 0.34, 2.0, -0.93, 11 000100000 000
MPP (Member of Prov. Parliament), 0.84, 1.75, -1.15, 0.0, 2.36, -0.9, 11 000100000 000
mugger, -2.44, 0.13, 0.9, -2.84, 1.1, 1.47, 10 001000000 001
mummy (mythical), -0.96, 0.87, -2.74, -1.41, 1.12, -2.05, 11 100000000 000
murderer, -3.67, 1.07, 1.01, -3.32, 1.63, 0.84, 11 001000000 001
murderess, -2.15, 0.75, 1.38, -2.82, 1.48, 1.26, 01 001000000 000
musician in a symphony orchestra, 1.57, 0.05, 0.35, 2.08, 1.15, 1.08, 11 010010000 000
musician, 1.34, 0.51, 1.03, 1.78, 0.89, 1.4, 11 010010000 000
Muslim, 0.43, 0.1, -0.18, 0.49, 0.1, -0.42, 11 000000000 000
mutual fund manager, 0.78, 1.62, 0.28, 0.98, 1.59, 0.34, 11 010000000 000
my brother, 1.6, 1.02, 1.67, 2.12, 0.81, 2.33, 10 000000010 000
my father, 2.03, 1.74, -0.39, 2.54, 2.16, 0.81, 10 000000010 000
my mother, 2.71, 1.64, 0.41, 3.05, 1.71, 0.99, 01 000000010 000
my sister, 1.46, 0.22, 1.25, 2.18, 0.84, 1.96, 01 000000010 000
myself as I really am, 1.55, 0.97, 1.74, 2.45, 1.2, 2.44, 11 100000000 110
myself as others see me, 2.4, 1.26, 1.98, 2.17, 0.8, 2.26, 11 100000000 101
nark, -0.85, 1.01, 0.68, -0.61, 1.44, 0.85, 11 001000000 000
Native Canadian, 0.88, -0.42, -0.12, 1.45, -0.59, -0.13, 11 000100000 000
neighbor, 1.35, 0.08, 0.04, 1.8, -0.13, -0.4, 11 100000000 000
neophyte, -0.31, 0.28, -0.28, 1.25, -0.81, 0.47, 11 110100100 000
nephew, 1.35, -0.72, 1.46, 1.8, -0.72, 2.16, 10 000000010 000
neurotic, -0.29, -0.83, 0.51, -1.09, -1.27, 0.87, 11 000001000 000
New Democrat, 0.68, 0.13, 0.03, 0.73, 0.89, 0.55, 11 000100000 000
New Zealander, 0.68, 0.05, 0.38, 1.24, 0.2, 0.56, 11 000100000 000
newcomer, 0.85, -0.68, 0.43, 1.16, -1.43, 0.74, 11 100000000 000
newsboy, 0.56, -1.2, 1.59, 1.21, -0.85, 2.08, 10 010000000 000
newspaper pressman, 0.64, 0.12, -0.41, 0.86, 0.62, -0.09, 11 010000000 000
niece, 1.25, -0.39, 1.33, 2.2, -0.6, 2.08, 01 000000010 000
nightwatchman, 0.71, 0.11, -0.16, 1.04, 0.7, -0.76, 10 011000000 000
ninny, -0.33, -1.98, 0.01, -0.48, -1.23, -0.31, 11 100000000 000
nitwit, -1.11, -1.5, 0.11, -0.8, -1.12, 0.36, 11 100000000 000
nobody, -0.74, -2.24, -0.68, -0.52, -2.72, -0.78, 11 100000000 000
nonconformist, 0.8, -0.15, 0.69, 1.01, 0.75, 1.32, 11 100000000 000
Norwegian, 0.67, 0.29, -0.02, 0.96, -0.12, 0.0, 11 000100000 000
novice, 0.84, -1.13, 0.75, 0.74, -0.47, 1.38, 11 010100100 000
numbskull, -0.8, -1.61, 0.0, -0.67, -1.5, -0.02, 11 100000000 000
nun, 1.91, -0.35, -1.45, 1.98, 0.33, -2.3, 01 000000100 000
nurse, 1.8, 0.69, 0.86, 2.12, 1.04, 0.55, 11 000001000 001
nursemaid, 1.04, 0.23, 0.13, 1.82, 0.46, 0.13, 01 000000010 001
nut, -0.34, -1.15, 0.03, 0.12, -1.29, 0.75, 11 100000000 000
nymph (mythical), 0.49, 0.06, 1.34, 0.0, -0.13, 1.44, 01 000000001 000
oddball, 0.24, -0.86, 0.44, 0.59, -0.96, 0.33, 11 100000000 000
ogre (mythical), -2.21, 1.87, -1.5, -2.05, 1.55, -1.82, 11 100000000 000
oil field worker, 0.56, 0.32, -0.16, 0.55, 0.14, -0.02, 11 010000000 000
old fogey, 0.25, -1.26, -2.58, 0.45, -0.63, -2.96, 11 100000000 000
old maid, 0.52, -1.16, -1.82, 0.24, -1.24, -2.59, 01 000000010 000
oldtimer, 1.07, -0.52, -2.66, 1.6, -0.03, -2.56, 11 100000000 100
onlooker, -0.03, -0.84, -0.04, 0.37, -0.81, -0.22, 11 100000000 000
organ donor, 2.72, 1.32, 0.67, 3.65, 2.16, 0.16, 11 000001000 000
orphan, 0.65, -2.21, 1.55, 0.91, -2.98, 1.65, 11 000000010 000
outlaw, -0.84, 0.64, 0.66, -2.27, 0.37, 1.32, 11 001000000 000
outpatient, 0.39, -0.82, -0.12, 0.63, -0.81, -0.57, 11 000001000 000
outsider, 0.0, -0.86, 0.17, 0.2, -1.58, -0.28, 11 100000000 000
owner of a fast food restaurant, 0.36, 0.22, 0.17, 0.55, 0.88, -0.52, 11 010000000 000
owner of a manufacturing plant, 0.81, 1.93, -0.5, 0.13, 2.12, -1.48, 11 010000000 000
pagan, -0.72, 0.02, 0.11, 0.1, 0.22, -0.38, 11 000000100 000
Pakistani, 0.84, -0.3, 0.19, 0.81, -0.31, -0.35, 11 000100000 000
pal, 2.23, 0.96, 1.47, 2.76, 1.1, 1.48, 11 100000000 000
Palestinian, 0.04, -0.4, 0.27, 0.44, 0.03, 0.04, 11 000100000 000
palm reader, -0.31, -0.38, -1.26, 0.88, 0.98, -1.39, 11 010000000 000
pansy, -0.76, -1.79, -0.17, -0.26, -1.75, -0.02, 10 000000001 000
paranoid, -0.64, -1.3, 0.37, -1.29, -2.04, -0.13, 11 000001000 000
parent, 2.15, 2.23, -0.75, 2.53, 2.52, -0.2, 11 000000010 001
parking attendant, 0.4, -0.47, -0.35, 0.01, -0.55, -0.68, 11 010000000 000
parliamentary secretary, 1.12, -0.66, -0.54, 1.29, 0.65, 0.14, 11 000100000 000
Parti Quebecois, -0.18, 0.72, -0.49, -0.8, 0.51, -0.69, 11 000100000 000
party animal, 1.24, 0.41, 2.28, 1.15, 0.48, 2.84, 11 100000000 000
patient, 0.63, -1.4, -0.53, 1.1, -1.3, -0.3, 11 000001000 001
patrolman, 0.73, 1.01, 0.65, 1.05, 1.55, 0.1, 11 001000000 001
patron, 1.15, 0.0, -0.2, 1.39, 0.66, 0.04, 11 010100000 000
pawnbroker, -0.31, -0.07, -0.47, -0.54, 0.62, -0.81, 11 010000000 000
PC (Progressive Conservative), -0.5, 0.46, -1.0, -0.44, 0.62, -0.75, 11 000100000 000
peeping tom, -1.82, -1.64, 0.55, -2.88, -0.12, 0.32, 10 001000001 000
pencil pusher, 0.1, -0.59, -0.19, -0.13, -0.33, -0.18, 11 010100000 000
perfectionist, 0.46, 0.77, 0.17, 0.7, 0.13, 0.92, 11 111011000 000
pest, -1.76, -1.21, 0.6, -1.5, -0.84, 1.23, 11 100000000 000
philanthropist, 1.13, 1.36, -0.59, 1.16, 0.79, -0.43, 11 100000000 000
phony, -1.42, -1.08, 0.25, -2.24, -1.33, 0.0, 11 100000000 000
photographer, 0.92, 0.4, 0.22, 1.89, 0.78, 1.21, 11 010000000 000
physician, 1.87, 1.59, -0.33, 2.01, 2.2, -0.32, 11 000001000 001
physicist, 0.79, 0.93, -0.68, 0.9, 1.52, -1.13, 11 000010000 000
physiotherapist, 1.49, 1.28, 0.62, 2.13, 1.85, 0.68, 11 000001000 000
pickpocket, -2.11, -0.25, 2.1, -2.69, -0.59, 1.69, 11 001000000 000
pickup, 0.21, 0.57, 0.95, 0.23, 0.24, 1.37, 11 000000001 000
pimp, -2.21, 1.08, 1.14, -3.02, 2.28, 1.25, 10 011000001 000
pinhead, -1.02, -1.48, -0.13, -1.1, -1.49, 0.32, 11 100000000 000
pipsqueak, -0.44, -1.62, 0.25, -0.09, -2.04, 1.38, 11 100000000 000
pixie, 0.71, -0.72, 1.26, 1.56, -0.86, 2.06, 11 100000000 000
plainclothesman, 0.37, -0.15, 0.0, 0.75, -0.5, -0.59, 11 001000000 000
playboy, 0.47, 0.69, 1.96, -0.24, 0.92, 2.57, 10 100000001 000
playmate, 1.65, 0.06, 1.41, 2.0, 0.1, 2.44, 11 100000000 000
plumber, 1.05, -0.07, -0.62, 0.94, 0.33, -1.0, 11 010000000 000
Pole, 0.83, 0.65, -0.15, 0.18, -0.41, -0.37, 11 000100000 000
police officer, 1.21, 2.08, 1.0, 1.42, 2.51, 1.21, 11 001000000 001
policeman, 1.23, 1.87, 0.78, 1.13, 2.85, 0.66, 10 001000000 001
porno star, 0.43, -0.28, 2.13, -1.07, -0.38, 2.54, 11 010000001 001
Portuguese, 0.24, -0.03, 0.28, 1.18, -0.11, -0.03, 11 000100000 000
postmaster, 0.63, 0.88, -0.45, 1.54, 0.33, -1.26, 11 010000000 000
pothead, -0.49, -0.93, 0.63, 0.17, -0.98, 0.1, 11 100000000 000
practical nurse, 1.65, 0.25, 0.58, 2.17, 1.1, 0.34, 11 000001000 001
premier, 0.53, 2.72, -0.48, 0.01, 2.64, -0.42, 11 000100000 000
preppie, 0.22, -0.4, 1.21, 0.11, 0.34, 1.47, 11 000010000 000
priest, 2.2, 1.09, -1.5, 1.8, 1.83, -2.15, 10 000000100 000
prime minister, 1.31, 2.79, -1.07, 1.35, 3.12, -1.3, 11 000100000 000
principal, 0.88, 2.08, -0.99, 1.12, 2.32, -0.86, 11 000010000 000
prisoner, -1.55, -1.39, 0.16, -2.03, -2.34, -0.41, 11 001000000 000
priss, -0.87, -1.19, 0.61, -1.12, -0.12, 1.28, 11 100000010 000
pro-choicer, 1.34, 0.19, 1.19, 1.69, 0.48, 0.9, 11 000100000 000
pro-lifer, 0.28, 0.11, 0.31, -0.56, 0.59, 0.34, 11 000100000 000
probation officer, 0.67, 1.56, -0.4, 0.96, 1.72, -0.12, 11 001000000 000
probationer, 0.01, 0.33, -0.67, 0.11, 0.78, 0.04, 11 001000000 000
procrastinator, -0.82, -1.22, 0.39, -0.57, -1.01, 0.05, 11 100000000 000
proctor, 0.41, -0.14, -0.81, 0.57, 0.93, -0.44, 11 000010000 000
prodigy, 1.47, 1.35, 1.8, 1.43, 1.49, 1.53, 11 000010000 000
professor, 1.75, 1.51, -0.9, 1.49, 2.36, -1.13, 11 000010000 000
prosecuting attorney, 0.75, 1.69, 0.24, 0.27, 2.5, 0.58, 11 001000000 001
prostitute, -0.97, -1.74, 1.76, -1.4, -1.95, 1.52, 01 010000001 001
protagonist, 0.25, 0.32, 0.43, 0.04, 0.5, 0.85, 11 100100000 000
provincial cabinet minister, 0.42, 1.89, -1.15, 0.55, 2.39, -1.41, 11 000100000 000
provincial policeman, 0.92, 1.95, 1.04, 1.39, 2.42, 1.03, 10 001000000 000
prude, -0.95, -0.71, -0.14, -1.21, -0.85, -1.3, 11 000000001 000
psychiatrist, 0.79, 1.49, -0.1, 1.21, 2.11, -1.31, 11 000001000 000
psychoanalyst, 0.37, 1.29, -0.46, 0.56, 1.63, -0.84, 11 000001000 000
psychologist, 0.99, 1.12, -0.94, 1.65, 1.62, -0.56, 11 000011000 000
psychopath, -1.85, -0.04, 0.34, -2.69, 0.22, 0.67, 11 001001000 000
psychotic, -2.0, -1.08, 0.15, -2.32, -0.39, 0.6, 11 000001000 000
public relations worker, 1.31, 0.32, 0.82, 1.37, 1.1, 0.8, 11 010000000 000
punk, -0.67, -0.54, 1.92, -0.1, -0.31, 1.66, 10 100000000 000
pupil, 1.16, -0.79, 1.47, 1.35, -0.83, 2.11, 11 000010000 000
puritan, 0.38, -0.06, -0.32, 0.46, -0.11, -0.87, 11 000000101 000
pusher, -1.28, 0.73, 0.91, -1.88, 1.2, 0.87, 11 101000000 000
quack, -0.57, -0.56, -0.54, -0.93, -1.09, -0.36, 11 000001000 000
quarterback, 1.83, 2.3, 2.54, 1.07, 2.1, 2.3, 10 010010000 001
queer, 0.35, -0.64, 0.6, 0.93, -0.37, 1.12, 11 000000001 000
rabbi, 1.83, 1.39, -1.62, 1.82, 2.04, -1.15, 10 000000100 000
racketeer, -0.62, 0.9, -0.01, -0.44, 1.09, 0.49, 11 011000000 000
rail conductor, 1.06, 0.67, -0.36, 1.1, 0.96, -1.29, 11 010000000 000
rapper, 0.33, 0.26, 1.92, 0.84, 1.19, 2.28, 11 100000000 000
rascal, -0.55, -0.96, 1.36, -0.5, -0.62, 2.37, 11 100000000 000
Rastafarian, 1.59, 0.14, 0.19, 1.59, 0.86, 0.31, 11 000000100 000
rat, -1.16, -1.13, 0.01, -1.79, -0.97, 1.21, 11 100000000 000
rattlebrain, -0.51, -1.02, 0.12, -0.49, -1.08, -0.01, 11 100000000 000
raver, 0.14, -0.75, 2.97, 1.15, -0.33, 3.19, 11 100000000 000
real estate agent, 0.46, 0.61, 0.26, 0.79, 1.01, 0.48, 11 010000000 000
Receiver General, 0.82, 1.35, -0.77, 0.68, 1.82, -1.1, 11 000100000 000
receptionist, 1.33, -0.37, 0.76, 1.8, -0.61, 0.8, 11 011001000 000
redneck, -1.38, -0.62, -0.98, -1.28, -0.31, 0.0, 10 100000000 000
referee, 0.98, 1.7, 0.08, 1.11, 1.93, 1.41, 11 010010000 001
registered nurse, 2.0, 1.2, 1.13, 2.43, 1.23, 0.49, 11 000001000 001
relation, 1.59, 1.03, 0.56, 1.95, 0.68, 0.18, 11 000000010 000
reporter, 1.04, 1.2, 1.08, 0.42, 1.6, 1.81, 11 010100000 000
respondent, 0.44, 0.12, 0.28, 1.2, 0.04, 0.3, 11 010110000 000
retardate, 0.42, -1.76, -1.28, 0.59, -1.7, -0.79, 11 000001000 000
ringleader, 0.07, 1.97, 1.06, -0.95, 2.47, 1.1, 11 001000000 000
rival, -0.45, 0.6, 0.78, -2.12, 1.19, 1.13, 11 100100001 000
rogue, 0.04, 0.51, 0.41, -1.67, 0.33, -0.81, 10 100000000 000
Romanian, 0.42, 0.14, -0.02, 0.66, -0.08, -0.38, 11 000100000 000
rookie cop, 0.65, 0.51, 2.22, 1.39, -0.17, 2.18, 11 001000000 001
roomer, 0.51, -0.07, 0.66, 0.4, -0.28, 0.17, 11 010000000 000
roommate, 1.26, 0.16, 1.18, 1.38, 0.03, 1.75, 11 000010000 000
roughneck, -0.86, 0.97, 0.72, -1.28, 0.35, 0.57, 10 100000000 000
rowdy, -0.29, 0.33, 1.3, -0.17, 0.12, 2.18, 11 100000000 000
ruffian, -1.17, 0.12, 0.96, -1.37, 0.84, 1.13, 11 100000000 000
runaway, -0.36, -1.42, 1.56, 0.32, -2.31, 2.07, 11 000000010 000
Russian, 0.27, 0.34, -0.01, 0.12, 0.59, -0.17, 11 000100000 000
safecracker, -0.62, 1.13, 0.55, -0.55, 0.8, 0.41, 11 001000000 000
salesclerk, 0.74, -0.04, 0.63, 0.75, -0.31, 0.8, 11 010000000 000
salesgirl, 1.4, -0.29, 1.59, 1.62, -0.4, 2.41, 01 010000000 000
saleslady, 0.86, -0.12, 0.97, 0.98, -0.08, 0.57, 01 010000000 000
salesman, 0.33, 0.18, 0.73, 0.13, 0.32, 0.16, 10 010000000 000
saleswoman, 1.08, 0.0, 0.77, 1.15, 0.16, 0.8, 01 010000000 000
saloon keeper, 1.14, 0.48, -0.39, 1.01, 0.64, -0.67, 11 010000000 000
scab, -0.93, -1.29, -0.09, -1.24, -1.01, 0.05, 11 010000000 000
scamp, -1.14, -0.86, 0.38, -0.78, -1.65, 1.17, 11 100000000 000
scapegoat, -1.06, -1.3, 0.02, -1.27, -1.09, -0.01, 11 100100000 000
scarecrow, 0.77, -0.63, -1.0, 0.91, -1.17, -1.78, 11 100000000 000
scatterbrain, -0.62, -0.74, 0.61, -0.24, -1.23, 0.32, 11 100000000 000
scholar, 1.79, 1.19, 0.19, 1.68, 1.7, 0.06, 11 000010000 000
schoolboy, 0.98, -0.5, 1.98, 1.84, -0.83, 2.64, 10 000010000 000
schoolgirl, 1.82, -1.37, 2.49, 2.23, -1.13, 3.09, 01 000010000 000
schoolmate, 1.36, 0.32, 1.5, 1.68, 0.11, 1.84, 11 000010000 000
schoolteacher, 1.82, 1.58, -0.27, 2.76, 2.18, 1.47, 11 000010000 000
Scientologist, 1.08, 0.75, -0.37, 0.73, 1.02, -0.46, 11 000000100 000
Scot, 1.0, 0.17, -0.16, 1.42, 0.42, -0.06, 11 000100000 000
scoundrel, -1.64, 0.04, -0.04, -2.19, 0.02, 0.28, 11 100000000 000
scoutmaster, 1.42, 0.76, 0.36, 1.43, 1.06, 0.04, 10 100000000 000
screwball, -0.85, -1.0, 0.5, -1.32, -1.32, 0.97, 11 100000000 000
scrooge, -1.36, 0.08, -1.62, -2.25, 0.48, -2.6, 11 110000000 000
scumbag, -2.3, -1.0, -0.35, -2.6, -1.02, -0.47, 11 100000000 000
secretary, 0.99, -0.4, 0.79, 1.51, -0.54, 0.31, 11 011100000 000
security guard, 0.74, 0.65, 0.21, 1.04, 1.64, 0.2, 11 011110000 000
senator, 0.55, 2.32, -1.32, 0.49, 2.44, -1.16, 11 000100000 000
senior, 1.34, -0.72, -2.03, 1.65, -0.28, -2.06, 11 000010000 000
Serb, 0.13, 0.38, 0.05, 0.26, -0.17, -0.07, 11 000100000 000
serial killer, -3.41, 0.77, 0.96, -3.82, 1.78, 0.75, 11 001000000 001
servant, 0.81, -2.01, -0.05, 1.27, -2.38, -0.57, 11 010000000 000
sewing machine operator, 0.61, -1.03, -1.07, 1.04, -1.12, -1.18, 11 010000000 000
sexpot, 0.75, 0.22, 1.71, -0.22, 0.24, 1.93, 01 000000001 000
shaman, 1.28, 1.8, -1.78, 1.85, 2.23, -1.75, 11 000001100 000
shareholder, 0.58, 0.88, -0.24, 0.89, 0.88, 0.0, 11 010000000 000
sharpie, 0.02, 0.46, 1.37, 0.99, 0.8, 1.21, 11 100000000 000
sheet metal worker, 0.61, -0.49, -0.42, 0.91, 0.0, -0.44, 11 010000000 000
sheriff, 1.15, 2.14, -0.33, 1.15, 2.36, -1.24, 11 001000000 001
shoe repairman, 1.18, -0.51, -1.5, 1.6, -0.54, -1.58, 11 010000000 000
shoplifter, -2.12, -1.24, 1.41, -2.18, -0.88, 1.78, 11 011000000 000
shrew, -0.56, -0.16, -0.45, -1.38, -0.98, -1.18, 01 100000000 000
shrimp, 0.19, -1.96, 0.44, 0.61, -1.76, 0.75, 11 100000000 000
shrink, 0.35, 1.42, -1.19, 0.94, 2.1, -1.32, 11 000001000 000
shut-in, -0.64, -1.55, -1.07, -0.75, -1.89, -1.49, 11 000001010 000
shyster, -1.31, -0.32, 0.35, -0.67, -0.38, -0.35, 11 001000000 000
sibling, 1.81, 0.48, 1.41, 2.09, 0.64, 1.97, 11 000000010 000
sidekick, 1.48, -0.1, 1.36, 1.04, -0.4, 1.36, 11 100000000 000
simpleton, -0.08, -1.58, -0.27, 0.15, -1.95, -1.0, 11 100000000 000
single parent, 1.18, -0.23, 0.89, 1.31, -0.5, 1.22, 11 000000010 000
sinner, -1.28, -0.33, 0.01, -1.94, -0.7, -0.05, 11 000000100 000
sissy, -0.92, -2.22, 0.23, -0.41, -2.39, 0.24, 11 100000000 000
sister-in-law, 1.29, -0.16, 1.14, 1.7, 0.41, 1.03, 01 000000010 000
sister, 1.84, 0.47, 1.54, 2.38, 1.18, 1.85, 01 000000010 000
skeptic, -0.4, -0.28, -0.29, -0.79, -0.28, -0.03, 11 100110100 000
skinhead, -1.67, 0.17, 1.89, -2.32, 0.48, 1.81, 11 100100000 000
slacker, -1.52, -1.64, -0.26, -1.54, -1.29, 0.34, 11 010010000 000
slave, -0.95, -3.31, 0.3, 0.76, -3.52, 0.12, 11 010100000 101
slavedriver, -2.72, 1.71, -0.45, -2.84, 1.96, -0.71, 11 010100000 001
sleuth, 0.38, 0.64, -0.14, 0.35, 0.78, -0.09, 11 001000000 000
slob, -0.93, -0.92, 0.0, -1.4, -1.57, -0.45, 11 100000000 000
Slovakian, 0.18, 0.07, -0.07, 0.62, -0.05, -0.12, 11 000100000 000
sluggard, -0.69, -0.58, -0.47, -0.89, -0.85, -1.02, 11 100000000 000
slut, -0.55, -1.18, 1.63, -1.99, -1.43, 1.86, 01 000000001 001
smart aleck, -0.34, -0.26, 2.07, -0.75, -0.31, 2.14, 11 100000000 000
sneak, -1.39, -0.47, 0.73, -1.83, -0.56, 1.03, 11 100000000 000
snob, -2.08, -0.14, 0.97, -2.22, 0.3, 1.25, 11 100000000 000
snoop, -1.28, -0.57, 0.74, -1.91, -0.81, 0.72, 11 100000000 000
snot, -1.88, -1.25, 0.34, -2.1, -0.52, 1.33, 11 100000000 000
social worker, 2.03, 0.55, 0.59, 2.16, 1.13, 0.58, 11 001001000 000
Solicitor General, 0.37, 2.11, -0.86, 0.81, 2.7, -1.21, 11 000100000 000
son-in-law, 1.16, 0.24, 1.58, 1.48, 0.01, 1.46, 10 000000010 000
son, 1.76, 0.39, 1.61, 1.81, 0.26, 2.24, 10 000000010 000
sophisticate, 0.97, 0.68, -0.69, 0.88, 0.99, -0.46, 11 100000001 000
sophomore, 1.02, -0.24, 1.87, 1.35, 0.03, 2.46, 11 000010000 000
sorehead, -0.92, -0.93, -0.49, -1.36, -1.07, -0.99, 11 100000000 000
soulmate, 3.61, 2.41, 2.3, 3.79, 2.89, 2.24, 11 000000011 000
Speaker of the House of Commons, 0.92, 1.75, -1.46, 0.93, 2.11, -1.18, 11 000100000 000
specialist, 1.31, 1.16, 0.27, 1.75, 2.05, -0.16, 11 011011000 000
spectator, 1.0, -0.9, 0.46, 1.23, -0.18, 0.8, 11 100000000 000
speeder, -0.08, 0.3, 1.45, -1.19, 0.67, 2.3, 11 001000000 000
spendthrift, -0.1, -0.37, 0.67, -0.16, -0.44, 0.03, 11 010000000 000
spinster, 0.33, -0.07, -0.23, -0.28, -0.41, -1.67, 01 000000010 000
spoilsport, -1.63, -1.26, 0.25, -2.07, -0.5, 0.78, 11 100000000 000
sponger, -0.8, -0.58, -0.01, -1.64, -1.16, -0.11, 11 100000000 000
spouse, 2.16, 0.83, 0.94, 2.3, 1.39, 1.2, 11 000000011 000
spy, -0.05, 1.28, 1.31, -1.05, 1.98, 0.78, 11 000100000 000
square, -0.26, -0.63, -0.27, -0.28, -0.78, -0.56, 11 100000000 000
squirt, 0.59, -1.28, 0.83, 0.62, -1.93, 1.72, 11 100000000 000
stalker, -2.4, -0.27, 0.0, -3.51, 1.61, 0.34, 10 001000001 000
star, 1.26, 2.44, 1.95, 1.66, 2.69, 1.76, 11 010010000 000
starlet, 0.93, 0.38, 1.11, 1.31, 1.18, 1.66, 01 010000000 000
state trooper, 0.65, 2.0, 0.98, 0.76, 2.03, 0.6, 11 001000000 001
statistician, 0.5, 0.26, -0.7, 0.55, 0.98, -0.99, 11 010010000 000
steel mill worker, 0.4, 0.37, -0.28, 0.99, 0.23, -0.45, 10 010000000 000
stenographer, 0.83, -0.33, -0.5, 0.89, 0.41, -0.36, 11 011000000 000
stepbrother, 0.64, 0.09, 0.84, 0.59, 0.23, 1.52, 10 000000010 000
stepdaughter, 1.12, -0.38, 1.48, 1.08, -0.62, 1.68, 01 000000010 000
stepfather, 0.3, 0.89, -0.66, 0.38, 0.93, -0.85, 10 000000010 000
stepmother, 0.74, 0.48, -0.1, 0.1, 0.82, -0.04, 01 000000010 000
stepsister, 1.0, -0.2, 0.84, 0.6, 0.27, 1.18, 01 000000010 000
stepson, 0.85, -0.57, 1.44, 0.78, -0.56, 1.83, 10 000000010 000
stewardess, 1.47, -0.28, 1.72, 1.64, -0.31, 1.97, 11 010000000 001
stockbroker, 0.42, 0.88, 0.4, 0.37, 1.76, -0.31, 11 010000000 000
stoner, -0.7, -1.37, 0.4, -0.28, -1.16, 0.23, 11 100000000 000
stool pigeon, -0.64, -0.44, 0.02, -0.53, -1.19, -0.45, 11 001000000 000
storyteller, 1.26, 0.0, -0.59, 2.02, 1.01, -0.26, 11 100000000 000
straight, 0.44, 0.1, 0.23, 0.86, 0.18, 0.35, 11 000000001 001
stranger, 0.02, -0.4, 0.07, -0.15, 0.38, -0.35, 11 100000000 000
street musician, 1.15, -0.88, 0.76, 1.8, -1.15, 1.15, 11 010000000 000
streetwalker, 0.16, -0.88, 0.38, -0.7, -1.47, 0.87, 01 011000001 001
stripper, 0.62, -0.8, 2.5, -0.79, -0.84, 2.64, 01 010000001 000
stud, 0.67, 1.11, 1.98, 0.51, 1.32, 2.31, 10 000000001 101
student, 1.96, 0.37, 1.88, 2.25, -0.29, 2.57, 11 000010000 000
stuffed shirt, -0.29, -0.84, -0.2, -0.66, -0.03, -1.26, 11 100000000 000
subordinate, 0.3, -1.17, 0.44, 0.01, -1.32, -0.18, 11 011100000 000
sucker, -0.98, -1.89, -0.02, -0.23, -2.35, 0.0, 11 100000000 000
sugardaddy, 0.15, 1.46, -0.25, -1.09, 1.54, -0.65, 11 100000000 000
superior, 0.31, 2.51, -0.93, 0.0, 2.41, -0.56, 11 011100100 000
superstar, 0.92, 1.58, 1.71, 1.11, 2.01, 2.19, 11 110000000 000
supervisor, 0.6, 1.4, -0.31, 0.36, 1.96, -0.18, 11 011111100 000
surgeon, 1.63, 2.04, -0.57, 2.26, 2.68, -0.08, 11 000001000 001
surveyor, 0.71, 0.61, 0.1, 0.65, 0.15, 0.17, 11 010000000 000
survivor, 1.57, 1.3, 1.07, 2.04, 1.92, 1.19, 11 100000000 000
suspect, -0.49, -0.69, 0.38, -0.96, -1.07, 0.8, 11 001000000 000
Swede, 0.7, 0.3, 0.5, 0.96, 0.29, 0.59, 11 000100000 000
sweetheart, 3.06, 0.8, 2.15, 3.1, 1.3, 1.61, 11 000000001 000
swinger, 0.58, 0.5, 1.43, 0.23, 0.08, 1.35, 11 000000001 001
Swiss, 1.29, 0.19, 0.51, 0.92, 0.27, 0.55, 11 000100000 000
Syrian, 0.15, -0.32, -0.25, 0.5, -0.07, 0.36, 11 000100000 000
tackle (football), 1.52, 2.36, 1.95, 0.44, 2.29, 2.56, 10 010010000 001
tailor, 1.13, -0.57, -0.91, 1.56, -0.3, -1.7, 11 010000000 000
taxi driver, 0.75, -0.65, -0.86, 0.54, -0.51, -0.84, 11 010000000 000
teacher, 2.08, 1.6, 0.07, 2.71, 2.36, 0.76, 11 000010000 000
teammate, 2.13, 1.49, 2.03, 1.97, 1.44, 2.34, 11 010111000 001
tease, -0.72, 0.25, 1.44, -0.37, 0.89, 1.6, 11 100000001 000
technician, 0.77, 0.27, 0.22, 1.1, 0.49, -0.03, 11 010001000 000
teenybopper, 0.45, -1.35, 2.78, 1.45, -0.9, 3.55, 01 100000000 000
teetotaler, -0.52, -0.47, -0.57, -0.24, -0.78, 0.54, 11 100000000 000
telemarketer, -1.12, -1.36, 0.82, -1.51, -1.1, 0.76, 11 010000000 000
telephone operator, 0.88, -0.64, -0.06, 0.37, -0.34, -0.65, 11 010000000 000
telephone solicitor, -1.43, -1.52, 0.38, -1.56, -1.41, 0.2, 11 010000000 000
tenant, 0.73, -0.81, 0.88, 1.02, -0.69, 1.23, 11 010000000 000
textile worker, 0.34, -0.4, -0.57, 0.84, -0.86, -0.26, 11 010000000 000
the Devil, -3.2, 2.4, -1.03, -3.61, 3.21, 0.77, 11 000000100 000
the Queen, 1.38, 1.59, -2.18, 1.48, 2.54, -2.34, 01 000100000 000
thief, -1.76, 0.35, 0.98, -2.51, 0.54, 1.17, 11 011000000 000
thug, -1.72, 0.33, 0.63, -2.43, 0.94, 0.26, 11 101000000 001
tightwad, -0.93, -0.73, -0.29, -0.82, -0.06, -0.74, 11 110000000 000
tomboy, 0.44, -0.4, 1.38, 0.92, 0.4, 2.06, 01 100000000 000
tool and die maker, 1.06, 0.38, -0.39, 1.03, 0.08, -0.6, 11 010000000 000
topless dancer, 0.93, -0.89, 2.47, -0.33, -0.67, 2.88, 01 010000001 000
tot, 0.5, -1.45, 1.44, 2.1, -0.6, 2.65, 11 000000010 001
tough, -0.74, 1.63, 1.28, -1.37, 1.17, 1.13, 10 100000000 100
townsman, 1.04, 0.15, -0.55, 1.55, 0.22, -1.04, 11 000100000 000
trade union business agent, 0.62, 1.25, -0.07, 0.55, 1.28, -0.1, 11 010000000 000
trainee, 1.08, -1.09, 1.46, 1.08, -1.36, 1.38, 11 011111100 000
traitor, -2.02, -0.67, 0.05, -2.23, 0.25, -0.1, 11 100100000 000
tramp, -1.16, -1.41, 1.03, -1.33, -1.48, 1.24, 11 100000000 000
transsexual, 0.02, -0.8, 0.4, 0.6, -0.62, 0.83, 11 000000001 101
transvestite, -0.29, -0.96, 1.12, 0.84, -0.29, 1.54, 10 000000001 000
troll (mythical), -1.55, 0.31, -1.57, -1.48, 0.15, -0.68, 11 100000000 000
troublemaker, -1.92, -0.16, 0.79, -1.76, 0.5, 1.78, 11 100000000 000
truant, -0.77, -0.71, 1.32, -1.44, -0.56, 0.37, 11 000010000 000
truck driver, 0.37, -0.25, -0.74, 0.73, 0.31, -0.91, 11 010000000 000
truelove, 2.76, 2.12, 1.86, 3.36, 2.76, 1.91, 11 000000001 000
turncoat, -1.01, -1.25, 0.13, -0.51, -0.24, -0.17, 11 100100000 000
tutor, 2.25, 1.01, 0.65, 2.26, 1.51, 0.71, 11 000010000 000
TV repairman, 0.98, -0.29, -0.36, 0.86, -0.18, -0.87, 11 010000000 000
tycoon, 0.7, 2.25, 0.09, 0.32, 2.5, -0.61, 11 010000000 000
typist, 0.89, -0.45, 0.4, 1.28, -0.85, 0.35, 11 011011000 000
Ukrainian, 0.53, 0.28, -0.27, 0.88, -0.1, -0.05, 11 000100000 000
uncle, 1.48, 0.76, -0.24, 1.73, 0.66, -0.54, 10 000000010 000
underdog, 1.07, -0.35, 1.04, 0.69, -0.97, 0.71, 11 100100000 000
undergraduate, 1.51, 0.1, 1.85, 2.14, -0.18, 2.24, 11 000010000 000
undertaker, 0.52, 0.51, -1.28, 0.23, 0.24, -1.65, 11 010000000 000
urchin, -0.17, -0.84, 0.28, -0.06, -0.38, -0.57, 11 100000010 000
used car salesman, -0.18, 0.1, 0.4, -0.76, 0.08, 0.12, 11 010000000 000
V.J. (video jockey), 1.16, 0.62, 1.85, 1.48, 0.72, 2.29, 11 010000000 000
vagabond, -0.72, -1.16, -0.84, -0.73, -1.81, -1.08, 11 100000000 000
vagrant, -1.04, -1.29, -0.54, -0.74, -1.24, -0.78, 11 110000000 000
vamp, -0.66, 0.09, 0.63, -1.4, 0.79, 0.98, 01 000000001 000
vampire (mythical), -1.64, 1.6, -0.91, -2.45, 2.51, 0.3, 11 100000001 001
vandal, -2.05, -0.37, 1.64, -2.38, -0.39, 2.28, 11 001000000 000
veterinarian, 1.93, 1.21, 0.37, 2.24, 1.84, 0.58, 11 000001000 000
victim, -0.33, -2.07, -0.15, 0.03, -3.2, -0.19, 11 101000001 000
vigilante, -0.5, 1.1, 1.65, -0.57, 1.07, 1.0, 11 001000000 001
villain, -2.37, 1.48, 0.46, -2.74, 1.44, 0.87, 11 001000000 000
VIP, 0.6, 1.42, 0.84, 0.74, 2.26, 0.45, 11 011100000 000
virgin, 1.57, -0.08, 2.04, 1.57, 0.22, 1.77, 01 000000001 000
visitor, 1.4, -0.51, 0.31, 1.71, -0.24, 0.2, 11 100000000 000
vixen, 1.5, 0.61, 2.13, -0.47, 1.09, 0.91, 01 100000000 000
wage earner, 1.18, 0.59, 0.08, 1.48, 0.1, 0.33, 11 010000000 000
waif, -0.9, -1.67, 0.34, -0.3, -1.77, 0.04, 11 100000000 000
waiter, 1.28, -0.03, 1.36, 1.64, -0.05, 1.88, 11 010000000 000
waitress, 1.48, -0.77, 1.58, 1.66, -0.51, 1.8, 01 010000000 000
wallflower, 0.3, -0.85, -0.35, 1.44, -1.13, -0.01, 01 100000000 000
wannabe, -0.77, -1.79, 0.72, -0.46, -1.95, 1.42, 11 100000000 000
warden, 0.01, 1.96, -1.08, -0.86, 2.31, -1.41, 11 001000000 000
warlock (mythical), -1.45, 1.87, -0.94, -1.48, 2.24, 0.03, 10 000000100 000
WASP (White Anglo Saxon Protestant), 0.13, 0.24, -0.21, 0.37, 0.78, -0.08, 11 100000000 000
watchman, 0.83, 0.38, -0.03, 0.82, 0.74, -0.79, 10 011000000 000
weakling, -0.31, -1.93, -0.08, -0.43, -2.71, -0.77, 11 100000000 000
web page designer, 0.99, 0.49, 1.31, 1.42, 1.12, 1.42, 11 010000000 000
weirdo, -0.96, -1.4, -0.13, -0.43, -0.9, 0.3, 11 100000000 000
welder, 0.64, 0.44, -0.29, 1.04, 0.31, -0.56, 11 010000000 000
Welshman, 0.93, 0.2, -0.21, 1.14, 0.03, -0.45, 11 000100000 000
wench, -0.96, -1.47, -0.69, -1.39, -1.14, -0.7, 01 100000001 000
werewolf (mythical), -2.06, 2.24, 1.8, -2.62, 2.65, 1.76, 11 100000000 000
West Indian, 0.38, 0.17, 0.23, 0.9, 0.02, -0.06, 11 000100000 000
Western Canadian, 1.47, 0.25, 0.51, 1.85, 0.55, 0.56, 11 000100000 000
whiner, -1.12, -0.76, 0.17, -2.11, -1.6, 0.32, 11 100000000 000
whiz kid, 1.34, 0.89, 2.14, 1.45, 1.26, 2.03, 11 000010000 000
whore, -1.34, -1.51, 1.01, -2.66, -2.0, 1.28, 01 010000001 001
Wiccan, 0.63, 0.32, 0.53, 0.2, 0.96, -0.61, 11 000000100 000
widow, 0.84, -1.29, -1.91, 1.32, -1.5, -2.16, 01 000000010 000
widower, 0.09, -0.8, -1.03, 1.28, -1.28, -1.84, 10 000000010 000
wife, 2.38, 0.81, 1.22, 2.27, 0.92, 1.32, 01 000000011 001
windbag, -0.59, -0.74, 0.14, -0.6, -0.56, -0.7, 11 100000000 000
winger (hockey), 1.24, 1.96, 2.52, 1.33, 1.51, 2.46, 11 110000000 000
winner, 1.67, 1.33, 1.75, 2.04, 2.16, 2.16, 11 100100000 000
wino, -1.23, -2.03, -1.15, -0.73, -1.96, -1.02, 11 100000000 000
wiseguy, -0.46, 0.48, 0.45, -0.83, 0.02, 1.35, 11 100000000 000
wit, 0.29, 0.13, 0.87, 0.3, 0.11, 0.74, 11 100000000 000
witch (mythical), -1.84, 2.12, -2.35, -1.62, 2.54, -1.74, 01 100000000 000
witness, 1.04, 0.69, 0.41, 1.73, 1.42, 0.26, 11 001000000 000
wizard, 0.79, 2.68, -2.37, 1.44, 3.1, -1.5, 11 000110100 000
woman, 1.92, 0.36, 1.02, 2.64, 1.52, 0.96, 01 100000001 000
worker in a meat packing plant, 0.03, -1.04, -0.06, 0.67, -1.0, -0.82, 11 010000000 000
worker, 1.09, 0.04, 0.43, 1.45, 0.05, 0.37, 11 010000000 010
workman, 0.96, 0.14, 0.7, 1.39, 0.18, -0.4, 10 010000000 000
wretch, -0.88, -1.06, -0.61, -1.64, -1.23, -1.3, 11 100000000 000
wrongdoer, -1.72, -0.24, 0.11, -1.89, -0.7, -0.27, 11 100000000 000
wuss, -0.99, -1.28, -0.33, -1.48, -2.11, 0.23, 11 100000000 000
YMCA Director, 1.33, 0.74, 0.53, 2.4, 1.44, 1.56, 11 010000000 000
yokel, -0.15, -1.01, -0.83, -0.6, -1.1, -1.47, 11 100000000 000
youngster, 0.72, -1.0, 2.12, 1.92, -1.23, 2.92, 11 100000010 000
youth, 1.04, -0.48, 2.33, 1.57, -0.64, 2.72, 11 100000010 000
Yugoslavian, 0.55, 0.1, 0.11, 0.6, -0.37, -0.07, 11 000100000 000
yuppie, -0.32, -0.3, 0.8, 0.19, 0.52, 1.16, 11 110000000 000
zombie (mythical), -1.8, 0.87, -1.75, -1.84, 1.23, -1.46, 11 100000000 000
zoo keeper, 1.35, -0.15, 0.05, 1.81, 1.11, 0.68, 11 010000000 000

