academic, 1.7, 1.5, 0.27, 1.96, 1.89, 0.47, 11 000010000 000
accomplice, -0.2, 0.06, 0.52, -0.62, -0.11, 0.48, 11 001000000 000
accountant, 0.52, 0.6, -0.53, 0.57, 1.34, 0.49, 11 010000000 000
acquaintance, 1.47, 0.4, 0.39, 1.29, 0.25, 0.56, 11 100000000 000
adolescent, 0.83, -0.63, 2.25, 0.85, -0.41, 1.81, 11 100000010 000
adulterer, -2.69, -0.34, 0.21, -2.85, -0.97, 0.48, 10 000000011 001
adultress, -2.2, -0.29, 0.35, -2.61, -0.78, 0.49, 01 000000011 001
advisor, 1.33, 1.48, 0.12, 1.78, 1.51, -0.28, 11 110110000 000
airline pilot, 0.94, 1.08, 0.08, 1.69, 1.66, 0.89, 11 010000000 000
alcoholic, -2.25, -1.87, -0.59, -2.36, -1.86, -0.79, 11 100001000 000
amateur, 0.47, -0.78, 1.28, 0.29, -0.55, 0.85, 11 100000000 000
applicant, 1.04, -0.89, 0.67, 0.81, -0.7, 0.48, 11 010010000 000
apprentice, 0.97, -0.75, 1.43, 1.09, -0.41, 0.98, 11 010000000 000
architect, 1.55, 1.24, -0.07, 1.64, 1.75, 0.77, 11 010000000 000
ass, -1.48, -0.39, 0.25, -1.15, -0.48, 0.09, 11 100000000 000
assailant, -1.55, 0.63, 0.71, -1.33, 0.49, 0.46, 11 001000000 001
assistant, 1.2, 0.04, 0.99, 1.34, 0.37, 0.89, 11 011101000 000
athlete, 1.64, 2.11, 2.61, 1.34, 1.89, 2.03, 11 010010000 001
attorney, 0.34, 1.64, 0.44, 0.04, 2.01, 0.72, 11 001000000 000
auctioneer, 0.73, 1.17, 0.87, 0.57, 0.64, 0.95, 11 010000000 000
aunt, 1.38, -0.05, -0.3, 1.96, 0.75, 0.42, 01 000000010 000
author, 1.17, 1.03, -0.51, 0.9, 1.23, -0.56, 11 010010000 000
authority, 0.25, 2.17, -0.46, 0.36, 1.7, -0.19, 11 011111100 000
auto mechanic, 0.87, 0.4, -0.17, 0.66, 0.62, 0.18, 11 010000000 000
baby, 2.74, -2.12, 2.23, 3.18, -2.33, 1.93, 11 100001010 001
babysitter, 1.36, 0.83, 1.83, 1.34, 0.69, 1.14, 11 000000010 011
bachelor, 1.44, 1.3, 1.81, 1.06, 0.86, 1.57, 10 000000011 000
baker, 1.08, 0.37, -0.18, 1.34, 0.27, -0.53, 11 010000000 000
bandit, -1.18, 0.5, 1.03, -1.55, 0.15, 0.92, 11 001000000 000
banker, 0.82, 1.58, -0.14, 0.79, 1.36, 0.31, 11 010000000 001
barkeeper, 0.84, 0.69, 0.57, 0.61, 0.63, 0.71, 11 010000000 000
barmaid, 1.02, -0.27, 0.7, 0.24, -0.25, 1.04, 01 010000000 000
beauty, 1.89, 1.01, 1.89, 1.48, 1.34, 1.53, 01 100000000 001
beggar, -1.47, -2.16, -1.79, -1.0, -1.23, -0.79, 11 100000000 000
beginner, 0.43, -0.84, 0.73, 0.83, -0.99, 0.39, 11 100000000 000
bigamist, -2.33, -0.48, -0.18, -2.59, -0.72, -0.33, 11 001000011 011
bigot, -2.3, -1.18, -1.07, -2.75, -1.0, -0.57, 11 100000000 000
bill collector, -1.33, 1.35, -0.7, -1.56, 1.52, 0.45, 11 010000000 000
bisexual, -1.38, -1.04, 0.66, -0.91, -0.88, 0.54, 11 000000001 001
blabbermouth, -1.71, -0.18, 1.03, -1.29, 0.03, 0.67, 11 100000000 000
blacksmith, 0.92, 0.62, -0.61, 0.89, 0.89, -0.44, 11 010000000 000
blind date, 0.39, -0.4, 0.88, 0.55, -0.37, 1.0, 11 000000001 001
bodyguard, 1.7, 2.41, 1.41, 1.74, 2.32, 2.05, 11 001100000 001
bohemian, 0.5, 0.3, 0.62, 0.61, 0.1, 0.58, 11 100000000 000
bookworm, 0.81, -0.3, -0.63, 1.13, 0.11, -0.46, 11 000010000 000
boss, 0.47, 2.22, -0.37, 0.49, 2.32, 0.06, 11 010000000 000
bouncer, 0.51, 2.25, 1.68, -0.07, 1.96, 1.07, 10 010000000 001
boxer, 0.39, 2.09, 1.87, 0.2, 1.62, 1.58, 10 010000000 001
boyscout, 1.81, 0.46, 1.52, 2.23, 0.66, 1.4, 10 100000000 000
braggart, -1.15, -0.81, 0.08, -1.25, -0.53, 0.24, 11 100000000 000
brat, -1.99, -0.52, 1.74, -1.4, -0.1, 1.04, 11 100000010 000
brother in law, 0.9, 0.5, 0.69, 1.22, 0.7, 0.71, 10 000000010 000
brother, 2.02, 0.75, 1.61, 1.72, 1.29, 1.41, 10 000000010 000
brute, -1.34, 1.12, 0.75, -1.61, 1.35, 0.48, 10 100000000 001
buddy, 2.17, 1.14, 1.4, 2.86, 1.27, 1.31, 11 100000000 000
bulldozer operator, 0.58, 1.0, -0.04, 0.44, 1.25, 0.22, 11 010000000 000
bully, -2.69, 1.48, 1.46, -2.56, 1.14, 1.31, 11 100000000 001
burglar, -2.97, 0.09, 0.9, -2.86, 0.05, 0.92, 11 011000000 000
busdriver, 0.76, 0.11, -0.75, 1.12, -0.21, -0.72, 11 010000000 000
butcher, 0.74, 0.31, -0.61, -0.07, 0.28, -0.55, 11 010000000 000
bystander, 0.57, -0.89, -0.51, -0.03, -0.34, 0.07, 11 100000000 000
callgirl, -0.04, -0.54, 1.87, -2.18, -1.19, 1.18, 01 000000001 001
captive, -0.81, -1.81, -0.58, -1.1, -2.01, -0.42, 11 001100000 001
car driver, 0.24, 0.37, 0.38, 0.66, 0.63, 0.56, 11 100000000 000
carpenter, 0.9, 0.29, 0.53, 1.39, 0.59, 0.4, 11 010000000 000
celebrity, 1.27, 1.52, 1.14, 0.75, 1.63, 1.15, 11 110000000 000
chairman, 0.74, 1.46, -0.8, 0.77, 1.69, 0.13, 11 011100000 000
chambermaid, 0.5, -0.48, 0.31, 0.68, -0.84, 0.19, 01 010000000 000
champion, 1.84, 2.05, 1.65, 2.12, 2.24, 1.83, 11 100010000 001
chap, 1.2, -0.17, 0.45, 0.63, -0.04, 0.38, 10 100000000 000
chaperon, 0.74, 0.94, -0.61, 0.05, 1.08, -1.13, 11 000000010 000
chatterbox, -1.06, -0.51, 1.16, -0.19, 0.0, 1.55, 11 100000000 000
chef, 1.05, 0.56, 0.14, 1.35, 0.58, 0.39, 11 010000000 000
chemist, 0.99, 0.99, -0.73, 1.16, 1.33, -0.24, 11 010010000 000
child, 2.0, -1.26, 2.0, 2.59, -1.25, 2.41, 11 100000010 000
christian, 1.73, 1.4, 0.53, 1.98, 1.8, 1.1, 11 000000100 010
church deacon, 2.14, 1.51, -0.92, 1.99, 1.67, -0.72, 11 000000100 000
civil servant, 0.2, 0.16, -0.78, 0.51, -0.1, 0.01, 11 001100000 000
classmate, 1.04, 0.24, 0.99, 1.28, 0.08, 0.88, 11 000010000 000
clerk, 0.74, -0.47, 0.46, 0.34, -0.79, 0.34, 11 011000000 000
client, 1.23, 0.92, 0.65, 1.03, 0.1, 0.45, 11 011000000 000
clown, 1.28, 0.07, 1.43, 0.59, -0.07, 1.31, 11 100000000 000
coed, 1.07, 0.05, 1.26, 0.85, 0.32, 1.0, 01 000010000 000
colleague, 1.47, 1.09, 0.87, 1.59, 0.32, 0.74, 11 000011000 000
comedian, 1.7, 0.71, 1.82, 1.73, 0.45, 1.74, 11 100000000 000
computer programmer, 1.38, 0.99, 0.42, 0.65, 1.22, 0.64, 11 010010000 000
concubine, -0.35, -0.44, 1.07, -0.51, -0.77, 0.53, 01 010000001 001
confidant, 1.85, 1.6, 0.21, 2.06, 1.42, 0.59, 11 100000000 000
conformist, -0.35, -0.68, -0.47, -0.59, -0.93, -0.15, 11 100000000 000
connoisseur, 0.57, 0.64, -0.38, 1.0, 0.54, 0.06, 11 100000000 000
construction foreman, 0.58, 1.73, 0.24, 0.51, 0.94, 0.44, 11 010000000 000
construction laborer, 0.56, 0.49, 0.37, 0.52, 0.84, 0.67, 11 010000000 000
consumer, 1.15, 0.98, 0.18, 1.07, 0.93, 0.25, 11 010000000 000
convict, -1.42, -0.02, 0.39, -1.62, 0.1, 0.29, 11 001000000 001
cook, 1.51, 0.26, -0.21, 1.93, 0.7, 0.47, 11 010000000 000
cop, 0.87, 2.17, 1.02, 0.64, 2.22, 0.66, 11 001000000 001
copycat, -1.71, -1.26, 0.62, -1.34, -1.14, 0.55, 11 100000000 000
counselor, 2.03, 1.56, -0.14, 0.98, 0.77, 0.09, 11 111111100 000
courtesan, -0.16, 0.19, -0.04, 0.36, 0.02, 0.18, 01 010000001 001
cousin, 1.42, 0.03, 1.6, 1.79, 0.08, 0.93, 11 000000010 000
coward, -1.49, -2.39, -0.69, -1.2, -2.83, -0.71, 11 100000000 000
coworker, 0.74, 0.42, 0.96, 0.95, 0.6, 0.49, 11 010000000 000
criminal, -2.48, -0.36, 0.44, -2.43, 0.4, 0.5, 11 001000000 000
cripple, 0.1, -1.17, -1.02, -0.03, -1.49, -1.03, 11 100001000 000
crippled person, -0.04, -1.17, -1.22, 0.5, -0.85, -0.58, 11 100001000 000
critic, -0.17, 1.05, -0.39, -0.5, 0.89, -0.14, 11 100110000 000
crone, -0.26, -0.31, -0.54, -0.19, -0.43, -1.46, 01 100000000 000
crybaby, -1.84, -1.89, 0.73, -1.55, -1.42, -0.22, 11 100000000 000
culprit, -1.39, 0.14, 0.65, -1.59, 0.18, 0.49, 11 001000000 010
customer, 1.2, 1.13, 0.61, 0.97, 0.87, 0.35, 11 010000000 000
cutthroat, -2.13, 0.19, 0.48, -1.48, 0.7, 0.51, 10 011100000 000
cynic, -0.71, 0.02, -0.18, -0.34, -0.11, -0.03, 11 100110000 000
daughter, 1.86, -0.24, 2.26, 2.06, 0.14, 1.87, 01 000000010 000
decorator, 0.82, 0.46, 0.95, 0.92, 0.4, 0.64, 11 010000000 000
defendant, 0.03, -1.0, -0.08, 0.16, -0.33, 0.11, 11 001000000 000
delinquent, -1.57, -0.83, 0.94, -1.76, -0.38, 1.48, 11 001000000 000
dental assistant, 0.78, 0.24, 0.92, 1.34, 0.5, 0.94, 01 000001000 001
dentist, 1.36, 0.83, 0.01, 1.52, 0.97, -0.02, 11 000001000 001
desperado, 0.24, 1.09, 0.99, 0.23, 0.91, 1.07, 11 001000000 001
detective, 1.4, 1.61, 0.35, 1.35, 1.42, 0.06, 11 001000000 001
devil, -3.14, 1.79, 0.42, -2.95, 0.76, 0.73, 11 100000100 000
diner, 0.77, 0.02, 0.09, 1.0, 0.14, -0.11, 11 010000000 000
disciplinarian, -0.05, 1.46, -0.48, 0.1, 1.84, 0.14, 11 000010110 001
dishwasher, 0.8, -0.34, 0.6, 1.07, 0.3, 0.18, 11 010000000 000
divorcee, -0.64, -0.38, -0.38, -1.03, -0.81, -0.26, 01 000000010 000
doll, 1.11, -1.42, 0.16, 1.1, -0.76, 0.64, 01 100000000 000
dolt, -0.58, -0.74, 0.07, -0.49, -0.45, -0.35, 11 100000000 000
dropout, -2.06, -2.39, 0.49, -1.62, -1.86, -0.03, 11 000010000 000
drug addict, -2.89, -1.92, -0.31, -2.55, -2.5, -0.42, 11 001001000 000
drunk, -1.57, -1.86, -0.44, -1.76, -1.77, -0.12, 11 100000000 000
drunkard, -1.58, -1.65, -1.14, -1.52, -1.07, -0.99, 11 100000000 000
egghead, -0.05, -0.64, -0.56, 0.03, -0.44, 0.19, 11 000010000 000
electrician, 1.36, 1.08, 0.26, 0.92, 0.69, 0.18, 11 010000000 000
employee, 1.07, -0.5, 0.38, 1.3, -0.22, 0.81, 11 010000000 000
employer, 0.46, 1.86, -0.55, 0.96, 1.72, 0.19, 11 010000000 000
enemy, -2.03, 0.25, -0.01, -2.23, 0.65, 0.55, 11 100100000 001
engineer, 1.32, 1.1, 0.03, 1.72, 1.75, 0.46, 11 010000000 000
entrepreneur, 1.1, 1.12, 0.71, 1.23, 1.56, 1.24, 11 010000000 000
evangelist, 0.69, 1.49, 0.2, 0.91, 1.02, 0.83, 11 000000100 000
executive, 0.51, 2.07, 0.0, 1.04, 2.29, 1.02, 11 010000000 000
expert, 1.49, 2.3, -0.1, 1.74, 1.96, 0.07, 11 011111000 000
extrovert, 0.95, 0.7, 1.37, 0.81, 1.02, 1.65, 11 100000000 000
eyewitness, 1.43, 1.22, 0.23, 1.45, 1.45, 0.76, 11 001000000 000
fairy, 1.83, 0.23, 1.45, 1.9, 0.21, 1.07, 10 000000001 000
fan, 1.92, 1.22, 1.35, 1.55, 0.81, 1.05, 11 100000000 000
fanatic, -0.16, 0.43, 0.85, 0.28, 0.44, 1.44, 11 100100000 000
farm laborer, 1.14, 0.14, -0.2, 0.67, 0.24, 0.25, 11 010000000 000
farmer, 1.51, 0.16, -0.86, 1.77, 0.54, -0.56, 11 010000000 000
father in law, 0.72, 1.0, -0.68, 1.22, 0.79, -0.19, 10 000000010 000
father, 2.6, 2.23, 0.16, 2.06, 2.32, 0.7, 10 000000010 001
fellow, 0.84, 0.37, 0.54, 1.07, 0.29, 0.24, 10 100000000 000
female, 2.45, -0.29, 1.62, 2.07, 1.36, 1.46, 01 100000001 000
fireman, 2.22, 2.12, 1.9, 2.29, 2.06, 1.96, 10 001000000 001
fisherman, 0.95, 0.38, -0.79, 1.33, 0.15, -0.34, 11 110000000 000
flight attendant, 1.68, -0.46, 1.42, 1.39, -0.23, 1.32, 11 010000000 000
fool, -1.47, -1.67, -0.29, -0.92, -1.35, -0.05, 11 100000000 000
freak, -0.54, -0.4, 0.67, -0.45, -0.2, 1.15, 11 100000000 000
freshman, 0.61, -0.62, 1.63, 1.09, -0.96, 1.85, 11 000010000 000
friend, 3.14, 2.31, 1.92, 2.56, 1.71, 1.2, 11 100000000 000
funeral director, 0.41, 0.31, -1.2, 0.6, 0.4, -0.94, 11 010000000 000
g-man, -0.68, 0.2, 0.28, -0.12, 1.05, 0.77, 11 001000000 001
gambler, -0.73, 0.63, 0.35, -0.95, -0.18, 0.49, 11 110000000 000
garbage collector, 0.33, -0.09, -0.36, 0.97, 0.05, 0.01, 11 010000000 000
genius, 1.48, 1.74, 0.49, 1.7, 1.91, 0.41, 11 000010000 000
gentleman, 3.14, 1.82, 0.56, 2.79, 1.3, 0.53, 10 100000000 000
gigolo, -0.48, 0.12, 0.95, -1.43, 0.25, 0.88, 10 010000001 001
girl, 2.39, -0.42, 1.8, 1.96, 0.24, 1.67, 01 100000001 000
glutton, -1.42, -0.72, -1.08, -1.12, -0.69, -1.06, 11 100000000 000
god, 3.74, 3.87, 0.5, 3.44, 3.54, 1.1, 11 000000100 000
granddaughter, 1.76, -0.76, 2.32, 2.05, -0.18, 1.85, 01 000000010 001
grandfather, 2.48, 1.54, -1.16, 2.32, 1.49, -1.15, 10 000000010 001
grandmother, 2.23, -0.17, -1.9, 3.11, 0.81, -1.17, 01 000000010 001
grandparent, 2.44, 0.73, -1.5, 2.76, 1.15, -0.9, 11 000000010 001
grandson, 2.09, -0.89, 2.05, 2.05, 0.64, 1.78, 10 000000010 001
granny, 2.68, -0.32, -2.23, 2.73, -0.15, -2.59, 01 000000010 000
grouch, -1.62, -0.63, -1.5, -1.7, -0.73, -1.65, 11 100000000 000
grownup, 1.17, 1.64, -0.74, 1.39, 1.66, -0.19, 11 000000010 000
guest, 1.62, -0.06, 0.2, 1.12, -0.18, 0.24, 11 100000010 000
half-sister, 0.63, -0.22, 0.85, 1.25, 0.0, 0.79, 01 000000010 000
handicapped person, 0.43, -1.1, -1.06, 0.4, -0.73, -0.57, 11 001001000 000
he man, 0.58, 1.33, 0.89, 0.55, 1.51, 1.21, 10 100000000 000
head of department, 0.56, 1.31, -0.36, 0.63, 2.02, 0.54, 11 010100000 000
headwaiter, 1.01, 0.36, 0.83, 0.83, 0.99, 0.72, 10 010000000 000
heel, -1.03, -0.64, -0.17, -0.36, -0.25, -0.54, 11 100000000 000
hermit, -0.36, -1.25, -1.59, -0.17, -1.2, -1.78, 11 100000000 000
hero, 2.54, 2.48, 1.8, 2.57, 2.45, 1.96, 10 100000000 000
heroine, 1.08, 1.61, 0.83, 1.67, 1.22, 1.72, 01 100000000 000
heterosexual, 1.65, 0.97, 0.96, 1.92, 1.39, 0.67, 11 000000001 000
hick, -0.43, -0.93, -0.54, 0.44, -0.18, -0.5, 11 100000000 000
highwayman, 0.62, 0.62, 0.3, -0.09, 0.07, 0.38, 10 001000000 001
hippie, 0.41, -0.39, 0.66, 0.79, -0.23, 0.45, 11 100000000 000
homo, -2.65, -1.83, 0.48, -0.68, -0.72, 0.31, 10 000000001 000
homosexual, -2.51, -1.56, 0.21, -1.25, -0.65, 0.53, 11 000000001 000
hostage, -1.33, -2.51, -0.43, -1.28, -2.22, -0.06, 11 001100000 001
hostage, -1.35, -1.97, -0.33, -0.75, -2.0, 0.09, 11 001100000 001
hostess, 1.15, 0.14, 1.41, 1.1, 0.26, 1.1, 01 100000000 000
hothead, -1.43, 0.72, 1.34, -1.0, -0.22, 0.84, 11 100000000 000
hound, 0.38, 0.41, -0.05, -0.02, 0.01, -0.16, 11 100000000 000
housekeeper, 1.34, -0.73, -0.67, 1.21, -0.39, 0.0, 11 010000010 000
housewife, 1.38, 0.14, 0.12, 1.37, -0.16, 0.55, 01 000000010 000
hunchback, -0.02, -1.17, -1.18, -0.09, -0.64, -1.25, 11 000001000 000
hypochondriac, -0.94, -1.08, -0.3, -1.3, -1.19, -0.25, 11 000001000 000
hypocrite, -2.52, -1.17, -0.31, -2.6, -1.93, -0.21, 11 100000000 000
idiot, -1.22, -1.7, -0.24, -0.99, -1.52, 0.0, 11 100000000 000
in law, 0.26, 0.42, -0.58, 0.49, 0.11, 0.29, 11 000000010 000
informant, -0.92, -0.33, 0.1, 0.87, 0.92, 0.9, 11 001000000 000
informer, 0.08, 0.9, -0.19, 0.4, 0.9, 0.43, 11 001000000 000
innocent, 1.1, -0.22, 0.3, 1.35, -0.41, -0.42, 11 100000000 000
insider, 0.25, 1.18, 0.6, 0.41, 0.78, 0.49, 11 010100000 000
instructor, 1.12, 0.93, 0.21, 1.48, 1.58, 0.24, 11 000010000 000
insurance agent, -0.03, 0.87, -0.6, -0.24, 1.32, 0.46, 11 010000000 000
intimate, 1.54, 1.34, 1.04, 1.39, 0.91, 1.21, 11 000000001 001
introvert, -0.51, -1.5, -0.48, -0.05, -0.89, -0.75, 11 100000000 000
invalid, -0.4, -1.16, -0.68, 0.02, -1.46, -0.94, 11 000001000 001
janitor, 1.15, -0.76, -1.1, 0.83, -0.64, -0.87, 11 010000000 000
judge, 0.53, 2.29, -0.94, 0.95, 3.0, -0.45, 11 001000000 000
junkie, -2.77, -2.01, -0.51, -2.26, -2.42, -0.12, 11 101000000 000
juror, 0.5, 1.7, -0.31, 0.64, 1.76, -0.05, 11 001000000 001
killjoy, -1.35, -0.28, -0.32, -0.93, 0.07, 0.08, 11 100000000 000
lady, 2.25, -0.31, 0.58, 2.22, 1.01, 1.27, 01 100000000 000
landlady, -0.37, 1.05, -1.28, 0.13, 0.61, -0.62, 01 010000000 000
lawbreaker, -1.62, -0.69, 0.46, -1.86, -0.01, 0.72, 11 001000000 000
lawyer, 0.25, 1.95, 0.48, 0.93, 1.88, 1.01, 11 001000000 000
lecher, -1.09, -1.01, -0.05, -0.89, -0.37, 0.16, 10 000000001 000
lesbian, -0.39, -0.08, 0.8, -1.54, -0.96, 0.84, 01 000000001 000
liar, -2.58, -0.93, 0.54, -2.24, -0.15, 0.26, 11 100000000 000
librarian, 1.18, -0.44, -0.98, 1.68, 0.5, -1.07, 11 000010000 000
lineman, 1.02, 1.92, 0.77, 0.33, 1.53, 1.57, 10 010000000 000
loanshark, -1.48, 1.13, 0.14, -1.23, 1.87, 0.56, 11 010000000 000
loner, -0.32, -0.55, -0.46, -0.22, -0.69, -0.96, 11 100000000 000
longshoreman, 0.08, 0.53, -0.04, -0.3, -0.4, -0.18, 10 010000000 000
lout, -0.83, -0.89, -0.43, -0.92, -0.52, -0.52, 11 100000000 000
LSD junkie, -2.01, -2.28, 0.21, -2.65, -2.56, -0.12, 11 100001000 000
lunatic, -1.22, 0.27, 0.86, -1.2, -0.37, 0.56, 11 100001000 000
mafioso, -0.91, 1.24, -1.11, -0.7, 0.92, 0.2, 10 011000000 000
magician, 1.4, 1.17, 0.15, 0.87, 0.75, 0.67, 11 010000100 000
maiden, 1.9, -0.31, 0.86, 1.2, -0.55, 0.88, 01 100000000 000
mailman, 1.19, 0.21, -0.4, 1.6, 0.34, 0.2, 10 010000000 000
man, 1.09, 1.69, 0.67, 0.97, 0.93, 0.57, 10 100000001 000
manager, 0.36, 1.44, 0.15, 1.08, 1.85, 0.63, 11 010000000 000
maniac, -1.22, -0.07, 1.05, -0.99, 0.48, 0.96, 11 100001000 001
maverick, 0.65, 1.01, 0.92, 0.77, 1.28, 1.25, 11 100000000 000
menace, -1.96, 0.17, 0.95, -1.43, 0.34, 1.05, 11 100000000 000
midget, 0.36, -1.19, -0.24, 0.37, -0.92, 0.41, 11 100000000 000
miner, 0.32, 0.4, 0.03, 0.3, -0.2, 0.1, 10 010000000 000
minister, 2.73, 2.04, -0.05, 2.43, 2.01, 0.38, 11 000000100 000
minor, 0.56, -1.23, 1.85, 0.44, -1.02, 1.75, 11 001000000 000
mistress, -0.15, 0.27, 0.9, -1.88, -0.54, 1.5, 01 000000001 001
mother in law, -0.36, 0.05, -0.91, 0.24, 0.51, -0.43, 01 000000010 000
mother, 3.03, 2.22, 0.05, 2.42, 1.94, 0.13, 01 000000010 001
mourner, 0.23, -0.61, -1.36, -0.48, -1.08, -0.89, 11 000000100 100
mugger, -2.02, 0.5, 0.89, -2.75, 0.8, 1.03, 10 001000000 001
musician, 1.22, 1.01, 0.92, 1.79, 1.06, 1.31, 11 010010000 000
neighbor, 0.97, 0.41, 0.04, 1.25, 0.22, 0.05, 11 100000000 000
nephew, 1.31, -0.09, 1.75, 1.84, -0.1, 1.29, 10 000000010 000
neurotic, -1.29, -1.19, 0.38, -0.78, -0.54, 0.53, 11 000001000 000
newsboy, 1.05, -0.67, 1.9, 0.85, -0.28, 1.6, 10 010000000 000
niece, 1.97, -0.33, 1.69, 1.84, -0.25, 1.67, 01 000000010 000
night watchman, 1.1, 0.5, -0.53, 1.17, 0.56, -0.05, 10 011000000 000
nobody, -0.71, -1.19, -0.68, -0.82, -2.06, -1.01, 11 100000000 000
nonconformist, 0.39, -0.04, 0.5, 1.04, 0.47, 0.87, 11 100000000 000
novice, 0.25, -0.56, 0.75, 0.44, -0.09, 0.79, 11 010100100 000
nurse, 1.79, 1.0, 1.41, 2.46, 1.95, 1.06, 11 000001000 001
nursemaid, 1.32, 0.12, 0.24, 1.67, 0.63, 0.56, 01 000000010 001
nut, -0.12, -0.34, 0.54, -0.18, 0.09, 0.14, 11 100000000 000
nymph, 0.56, -0.4, 0.8, 0.67, -0.15, 1.16, 01 000000001 000
old gentleman, 1.12, -0.1, -0.94, 1.58, 0.02, -1.78, 10 100000000 000
onlooker, 0.22, -0.09, -0.16, -0.15, -0.27, -0.22, 11 100000000 000
orphan, -0.16, -1.76, 1.15, 0.01, -1.75, 1.08, 11 000000010 000
outpatient, 0.36, -0.66, -0.51, 0.32, -0.18, -0.28, 11 000001000 000
outsider, -0.14, -0.72, 0.02, -0.27, -0.61, -0.01, 11 100000000 000
pal, 2.26, 1.48, 1.63, 2.55, 1.26, 0.82, 11 100000000 000
parent, 2.17, 2.59, -0.41, 2.44, 2.35, 0.25, 11 000000010 001
patient, 0.34, -1.25, -0.73, 0.38, -0.76, -0.7, 11 000001000 001
pawnbroker, -0.02, 0.46, -0.01, 0.22, -0.02, -0.31, 11 010000000 000
peeping tom, -1.64, -1.08, 0.64, -2.35, -0.9, 0.24, 10 001000001 000
pest, -1.81, -0.29, 0.85, -1.76, -0.32, 0.86, 11 100000000 000
photographer, 0.94, 0.41, 0.97, 1.33, 0.67, 0.63, 11 010000000 000
physicist, 1.14, 1.07, -0.68, 1.08, 1.37, -0.47, 11 000010000 000
pimp, -1.21, 1.02, 0.79, -2.18, 0.77, 1.24, 10 011000001 000
plainclothes policeman, 0.53, 0.44, 0.63, 0.02, 1.46, 0.41, 11 001000000 000
playboy, 0.45, 0.77, 1.83, -0.21, 0.47, 1.52, 10 100000001 000
playmate, 1.94, 1.05, 1.93, 1.88, 0.81, 1.99, 11 100000000 000
plumber, 0.58, 0.1, -0.81, 0.68, 0.2, -0.22, 11 010000000 000
policeman, 0.63, 1.5, 0.51, 0.6, 1.86, 0.36, 10 001000000 001
pornostar, 0.29, 0.51, 2.57, -2.01, -0.67, 1.37, 11 010000001 001
postmaster, 0.84, 0.72, -1.02, 0.43, 0.4, -0.14, 11 010000000 000
pothead, -1.06, -1.69, 0.39, -1.41, -1.48, 0.47, 11 100001000 000
principal, 0.6, 1.3, -0.24, 0.77, 1.68, -0.52, 11 000010000 000
prisoner, -2.26, -1.71, -0.32, -1.94, -1.71, -0.02, 11 001000000 000
probation officer, 0.02, 0.87, -0.24, 0.01, 1.59, 0.45, 11 001000000 000
prodigy, 0.93, 0.5, 0.96, 1.59, 1.07, 1.68, 11 000010000 000
professor, 0.69, 2.16, -1.02, 1.08, 1.99, -0.46, 11 000010000 000
prosecuting attorney, -0.08, 1.6, 0.62, 0.19, 1.9, 0.86, 11 001000000 001
prosecutor, -0.02, 1.35, 0.33, -0.04, 2.06, 0.61, 11 001000000 000
prostitute, -1.7, -1.55, 1.12, -2.03, -1.29, 1.72, 01 010000001 001
prude, -0.81, -0.28, -0.23, -0.21, -0.54, -0.74, 11 000000001 000
psychiatrist, 0.84, 1.0, -0.49, 1.58, 1.7, -0.09, 11 000001000 000
psychoanalyst, 0.12, 0.26, -0.15, 0.4, 0.52, 0.23, 11 000001000 000
psychoanalyst, 0.45, 0.78, 0.03, 0.84, 0.99, 0.34, 11 000001000 000
psychologist, 0.72, 0.93, -0.52, 1.49, 1.42, 0.59, 11 000011000 000
psychopath, -2.76, 0.04, -0.04, -2.31, -0.4, 0.62, 11 001001000 000
psychotic, -2.15, 0.4, 0.39, -1.76, -0.02, 0.19, 11 000001000 000
punk, -1.71, -1.23, 1.41, -1.31, -0.65, 0.69, 10 100000000 000
pupil, 1.13, -0.59, 1.72, 1.04, -0.44, 1.17, 11 000010000 000
puritan, 1.03, 0.07, -0.24, 0.84, 0.19, -0.33, 11 000000101 000
pusher, -1.77, 0.67, -0.06, -1.47, 0.51, 0.72, 11 101000000 000
quack, -0.89, -0.41, -0.83, -1.21, -0.07, -0.35, 11 000001000 000
queer, -2.39, -2.02, 0.01, -0.79, -1.02, 0.54, 10 000000001 000
real-estate agent, 0.52, 0.71, 0.14, 0.44, 0.53, 0.32, 11 010000000 000
receptionist, 1.11, -0.87, 0.36, 0.68, -0.62, 0.51, 11 011001000 000
referee, 0.24, 2.13, 0.26, 0.53, 1.38, 0.79, 11 010010000 001
registered nurse, 1.46, 0.65, 0.4, 1.99, 1.07, 0.62, 11 000001000 001
relation, 0.94, 0.77, 0.43, 1.09, 1.01, 0.56, 11 000000010 000
reporter, 0.44, 1.17, 1.17, 0.23, 1.05, 1.23, 11 010100000 000
reprocessor, -0.31, 0.15, -0.33, 0.34, 0.3, 0.44, 11 010000000 000
rival, -1.06, 0.58, 0.85, -0.53, 0.38, 1.38, 11 100100001 000
rookie cop, 0.37, -0.31, 1.73, 0.4, 0.07, 1.44, 11 001000000 001
roommate, 0.55, 0.28, 0.59, 1.05, 0.22, 1.02, 11 000010000 000
rowdy, -0.6, 0.25, 0.68, 0.02, 0.14, 1.5, 11 100000000 000
safecracker, -1.15, 1.53, 0.71, -0.71, 0.44, 0.33, 11 001000000 000
salesclerk, 0.46, -0.24, 0.46, 0.99, 0.12, 0.56, 11 010000000 000
saleslady, 1.05, -0.38, 0.57, 0.79, 0.31, 0.39, 01 010000000 000
saleswoman, 0.7, -0.08, 0.42, 0.83, 0.39, 0.54, 01 010000000 000
saphead, -1.1, -0.53, 0.61, -0.15, -0.64, -0.27, 11 100000000 000
scamp, -0.66, -0.4, 0.43, -0.13, 0.01, 0.46, 11 100000000 000
schoolboy, 1.13, -0.85, 1.75, 0.82, -0.54, 1.59, 10 000010000 000
schoolgirl, 1.96, -0.94, 1.93, 1.39, -0.35, 1.84, 01 000010000 000
schoolmate, 1.08, -0.06, 1.24, 1.6, 0.05, 1.16, 11 000010000 000
schoolteacher, 1.93, 2.0, 0.13, 1.74, 1.53, 0.61, 11 000010000 000
scoutmaster, 1.12, 0.85, -0.26, 0.79, 0.86, 0.66, 10 100000000 000
screwball, -0.9, -0.74, 0.75, -0.3, -1.08, 0.47, 11 100000000 000
scrooge, -1.84, 0.77, -2.35, -1.53, 0.18, -1.7, 11 110000000 000
secretary, 1.27, -0.43, 0.75, 1.7, 0.14, 0.56, 11 011100000 000
servant, 0.45, -1.31, 0.27, 0.72, -0.47, -0.09, 11 010000000 000
sheriff, 1.19, 2.24, -0.54, 0.88, 2.08, 0.02, 11 001000000 001
shoe repairman, 0.61, -0.22, -0.84, 1.38, -0.22, -0.69, 11 010000000 000
shoplifter, -2.44, -0.69, 1.1, -2.63, -0.78, 1.43, 11 011000000 000
shyster, -0.88, 0.01, 0.0, -0.67, -0.57, 0.02, 11 001000000 000
sibling, 1.95, 0.24, 1.65, 1.47, 0.53, 1.17, 11 000000010 000
simpleton, -0.19, -1.58, -0.41, -0.25, -1.15, -0.46, 11 100000000 000
sinner, -1.34, -0.5, 0.18, -1.99, -0.91, 0.84, 11 000000100 000
sissy, -1.91, -2.26, -0.14, -1.01, -1.77, -0.43, 11 100000000 000
sister in law, 0.49, 0.05, 0.68, 0.52, 0.07, 0.47, 01 000000010 000
sister, 1.89, 0.35, 1.3, 1.83, 0.6, 1.58, 01 000000010 000
skeptic, -0.54, -0.54, -0.46, -0.29, -0.09, -0.08, 11 100110100 000
slave driver, -3.38, 1.51, -0.54, -3.14, 0.2, 0.44, 11 010100000 001
slave, -1.47, -2.27, -0.24, -1.53, -2.58, -0.32, 11 010100000 101
slut, -0.46, -0.27, 1.77, -2.65, -1.75, 1.25, 01 000000001 001
smartaleck, -1.15, -0.09, 1.27, -0.69, -0.08, 1.37, 11 100000000 000
snob, -2.39, -0.88, -0.21, -1.64, -0.73, 0.63, 11 100000000 000
social worker, 1.62, 1.02, -0.09, 2.17, 1.03, 0.92, 11 001001000 000
son in law, 0.98, -0.41, 1.19, 1.1, 0.07, 0.93, 10 000000010 000
son, 2.22, 0.44, 2.37, 1.43, 0.61, 1.14, 10 000000010 000
sophomore, 0.69, -0.33, 1.45, 0.43, -0.41, 0.84, 11 000010000 000
sorehead, -0.97, -0.57, -0.34, -1.24, -0.81, -0.41, 11 100000000 000
specialist, 1.47, 1.84, -0.2, 1.18, 1.42, -0.48, 11 011011000 000
spendthrift, -0.11, -0.04, -0.01, 0.08, -0.28, 0.09, 11 010000000 000
spinster, -0.27, -0.03, -0.57, -0.16, -0.49, -0.62, 01 000000010 000
sponger, -0.64, -0.75, -0.28, -0.77, -0.17, 0.17, 11 100000000 000
sponsor, 1.55, 1.43, 0.01, 1.67, 1.16, -0.11, 11 001110100 000
spouse, 2.25, 1.1, 0.72, 2.0, 1.23, 0.9, 11 000000011 000
spy, -0.45, 1.5, 1.7, -0.31, 1.15, 1.15, 11 000100000 000
staff worker, 0.61, 0.05, 0.4, 0.89, -0.01, 0.22, 11 001000000 000
star, 1.5, 1.71, 0.97, 1.52, 1.26, 1.34, 11 010010000 000
starlet, 1.26, -0.06, 0.75, 0.74, 0.31, 1.45, 01 010000000 000
statistician, 0.62, 0.43, -0.86, 0.17, 0.4, -0.36, 11 010010000 000
stenographer, 0.34, -0.33, 0.73, 0.37, 0.06, -0.07, 11 011000000 000
stepbrother, 0.06, 0.28, 0.55, 0.73, 0.52, 0.5, 10 000000010 000
stepfather, 0.0, 0.44, -0.19, 0.5, 0.49, 0.16, 10 000000010 000
stepmother, 0.02, 0.12, -0.56, 0.17, 0.34, 0.14, 01 000000010 000
stepsister, 0.26, -0.5, 0.54, 0.32, 0.13, 0.44, 01 000000010 000
stepson, 0.44, 0.35, 0.71, 0.59, -0.19, 0.96, 10 000000010 000
stewardess, 1.77, -0.28, 1.7, 1.38, -0.02, 1.56, 11 010000000 001
stockholder, 0.64, 1.31, 0.23, 0.75, 1.22, 0.53, 11 010000000 000
storyteller, 1.67, 1.15, -0.17, 1.89, 1.09, -0.17, 11 100000000 000
stranger, -0.02, 0.05, -0.09, -0.29, -0.04, -0.18, 11 100000000 000
streetwalker, -0.66, -0.94, -0.06, -0.62, -0.91, 0.52, 01 010000001 001
stripper, 0.34, -0.17, 1.94, -0.76, -0.44, 1.67, 01 010000001 000
student, 1.26, 0.54, 1.58, 1.56, 0.24, 1.3, 11 000010000 000
superior, 0.63, 2.65, -0.37, 0.43, 1.68, -0.05, 11 011100100 000
superstar, 0.84, 2.42, 1.79, 1.15, 1.74, 1.8, 11 110000000 000
supervisor, 0.68, 0.9, -0.12, 0.43, 1.58, 0.35, 11 011111100 000
surgeon, 2.21, 2.36, 0.48, 2.03, 2.32, 0.64, 11 000001000 001
suspect, -0.82, -0.38, 0.8, -0.35, -0.04, 0.31, 11 001000000 000
sweetheart, 2.79, 1.28, 1.74, 2.86, 1.2, 1.27, 11 000000001 000
swinger, 0.33, 0.54, 0.53, 0.82, 0.63, 1.93, 11 000000001 001
tailor, 1.05, -0.29, -0.65, 1.14, 0.17, -0.49, 11 010000000 000
taxidriver, 0.13, -0.39, -0.5, 0.41, -0.36, -0.25, 11 010000000 000
teacher, 2.19, 2.0, 0.24, 1.66, 1.86, 0.43, 11 000010000 000
teammate, 1.76, 1.47, 1.75, 2.02, 1.54, 1.59, 11 010111000 001
technician, 1.13, 1.15, 0.42, 0.88, 0.38, 0.11, 11 010001000 000
teetotaler, 0.14, 0.41, -0.1, 0.06, 0.07, -0.26, 11 100000000 000
temporary worker, 0.52, -0.43, 0.44, 0.71, -0.39, 0.52, 11 010000000 000
tenant, 0.92, -0.09, 0.03, 0.58, -0.5, 0.42, 11 010000000 000
textile worker, 0.86, -0.31, -0.13, 0.53, -0.19, 0.01, 11 010000000 000
thief, -2.43, -0.34, 1.05, -2.62, 0.25, 0.99, 11 011000000 000
thug, -2.22, 0.25, 0.89, -1.9, -0.09, 0.58, 11 101000000 001
to be companion, 1.87, 1.31, 0.94, 2.78, 1.76, 1.06, 11 100000000 000
topless dancer, 0.92, 0.24, 2.3, -1.33, -0.88, 1.76, 01 010000001 000
tough, -0.03, 1.0, 0.63, -0.24, 0.98, 0.83, 10 100000000 100
trainee, 0.72, -1.23, 0.64, 0.51, -0.83, 0.87, 11 011111100 000
traitor, -2.95, -0.38, 0.49, -2.2, -0.46, 0.26, 11 100100000 000
troublemaker, -1.91, 0.57, 1.49, -1.45, 0.26, 0.83, 11 100000000 000
truant, -1.31, -0.39, 1.02, -1.12, -0.41, 1.12, 11 000010000 000
truck driver, 0.54, 0.49, -1.11, -0.07, 0.41, -0.62, 11 010000000 000
tutor, 1.61, 1.41, 0.34, 1.84, 0.87, 0.39, 11 000010000 000
tv repairman, 0.58, 0.03, -0.69, 1.13, 0.5, -0.07, 11 010000000 000
typist, 0.62, -0.39, 0.2, 0.72, -0.4, 0.37, 11 011011000 000
uncle, 1.94, 1.4, -0.73, 1.99, 1.16, -0.21, 10 000000010 000
underdog, 0.57, -0.39, 0.3, 0.97, -0.61, 0.12, 11 100100000 000
undertaker, -0.27, 0.21, -1.49, 0.12, 0.16, -0.69, 11 010000000 000
urchin, -0.1, -0.68, -0.6, -0.71, -0.5, -0.15, 11 100000010 000
vagrant, -1.11, -1.06, -0.62, -0.31, -0.94, -0.15, 11 110000000 000
vamp, -1.04, 0.07, -0.24, -0.15, 0.09, 0.34, 01 000000001 000
vampire, -2.17, 1.26, 0.42, -1.79, 0.91, 0.63, 11 100000001 001
vandal, -2.84, -0.43, 1.34, -2.26, -0.44, 1.47, 11 001000000 000
veterinarian, 1.68, 1.08, -0.27, 2.31, 1.87, 0.91, 11 000001000 000
victim, -1.02, -2.02, -0.6, -1.29, -2.62, -0.46, 11 101000001 000
vigilante, -0.75, 1.27, 0.81, -0.9, 0.03, 0.49, 11 001000000 001
virgin, 1.79, 0.38, 2.11, 2.96, 2.18, 1.66, 01 000000001 000
visitor, 1.6, 0.14, 0.3, 1.14, 0.3, 0.3, 11 100000000 000
wage earner, 1.0, 0.39, 0.64, 1.4, 0.69, 0.76, 11 010000000 000
waiter, 0.76, 0.34, 1.0, 0.83, 0.19, 1.3, 11 010000000 000
waitress, 1.15, -0.09, 1.4, 1.45, 0.39, 1.15, 01 010000000 000
watchman, 0.67, 0.29, -0.5, 1.33, 0.93, 0.02, 10 011000000 000
weakling, -0.63, -2.5, -1.46, -0.56, -2.03, -1.22, 11 100000000 000
weirdo, -0.82, -0.82, -0.09, -0.43, -0.36, -0.02, 11 100000000 000
welder, 0.52, 0.44, -0.29, 0.48, 0.35, 0.08, 11 010000000 000
whore, -1.92, -1.5, 1.1, -2.58, -1.75, 1.84, 01 010000001 001
widow, -0.11, -1.01, -1.45, -0.15, -0.68, -1.41, 01 000000010 000
widower, -0.43, -0.73, -1.32, -0.03, -0.72, -1.27, 10 000000010 000
wife, 2.67, 1.08, 1.19, 2.11, 1.03, 0.98, 01 000000011 001
winner, 2.24, 2.02, 1.77, 1.97, 2.12, 1.45, 11 100100000 000
witch, -1.79, 1.56, -1.16, -0.8, 0.59, -0.12, 01 100000000 000
witness, 1.01, 1.1, 0.66, 1.53, 1.5, 0.57, 11 001000000 000
woman, 1.55, 0.18, 1.22, 2.76, 1.83, 1.58, 01 100000001 000
workman, 1.19, 0.76, 0.36, 1.01, 0.64, 0.04, 10 010000000 000
wrongdoer, -2.34, -0.81, 0.54, -1.84, -0.17, 0.97, 11 100000000 000
yokel, -0.12, -0.7, -0.21, 0.3, -0.42, -0.47, 11 100000000 000
youngster, 1.53, -1.03, 2.33, 2.01, -0.91, 2.31, 11 100000010 000
youth, 0.89, -0.29, 2.17, 1.3, 0.0, 2.57, 11 100000010 000
zombie, -1.82, -0.36, -1.96, -1.37, -0.51, -1.33, 11 100000000 000
