academic, 1.3, 0.98, -0.25, 1.91, 1.52, 0.0, 11 000010000 000
acquaintance, 1.9, 0.56, 0.29, 1.83, 0.28, 0.24, 11 100000000 000
adult, 0.19, 1.21, -0.1, 0.47, 1.64, -0.11, 11 100000010 000
adulterer, -2.34, 0.49, 0.83, -2.58, 0.24, 0.53, 10 000000011 001
aide, 3.22, 2.0, 0.22, 3.42, 2.68, 0.85, 11 011110000 000
alcoholic (female), -2.36, -1.63, -0.34, -2.47, -1.63, -0.65, 11 000000000 000
alcoholic, -2.7, -1.12, 0.04, -2.73, -0.87, -0.4, 11 100001000 000
anti-Semite, -3.27, -0.41, 0.42, -3.61, 0.33, 0.39, 11 100100100 000
antisocial person, -2.0, -1.48, -0.72, -2.39, -1.07, -0.22, 11 000000000 000
applicant, 1.09, -0.38, -0.31, 1.19, -0.21, 0.25, 11 010010000 000
archenemy, -3.0, 1.51, 1.09, -3.07, -0.16, 0.12, 11 100100100 000
Asian, 0.43, -1.04, 0.19, 1.04, -1.61, 0.4, 11 100100000 000
asshole, -3.39, 1.32, 1.64, -3.42, 1.48, 1.53, 11 100000000 000
assistant, 0.69, -1.07, 0.28, 1.11, -0.55, -0.05, 11 011101000 000
asylum seeker, -0.2, -1.9, 0.44, -0.15, -1.35, -0.21, 11 000100000 000
atheist, 0.56, 0.74, -0.21, 0.65, 0.72, -0.27, 11 000000100 000
athlete, 1.88, 2.67, 2.44, 1.76, 2.91, 2.74, 11 010010000 001
authority, -1.9, 2.17, -3.05, -1.91, 1.74, -2.31, 11 011111100 000
baby, 2.73, -3.38, 1.06, 2.6, -3.17, 1.58, 11 100001010 001
backbencher, -0.76, -1.3, -1.11, -0.77, -0.8, -1.58, 11 000100000 000
beggar, -1.4, -1.84, -1.81, -1.41, -1.03, -1.72, 11 100000000 000
best friend, 3.67, 2.43, 0.39, 3.8, 2.51, 0.84, 11 100000000 000
big brother, 1.47, 2.14, 0.55, 2.03, 2.58, 1.22, 10 000000010 000
big shot, -1.2, 2.03, 1.07, -0.86, 2.51, 0.56, 11 100000000 000
big sister, 1.97, 1.28, 0.67, 2.45, 1.74, 0.37, 01 000000010 000
bill collector, -3.09, 2.01, 1.54, -3.29, 1.97, 1.84, 11 010000000 000
bitch, -1.78, -0.5, 1.22, -2.18, 0.22, 1.52, 01 100000000 000
blabbermouth, -2.07, -0.55, 2.77, -0.94, 0.52, 2.68, 11 100000000 000
blonde, 1.48, -0.38, 0.8, 0.42, -0.88, 0.74, 01 100000001 000
bootlicker, -3.5, -1.77, 0.14, -3.4, -1.36, -0.57, 11 110100000 000
boozer, -2.95, 0.19, 0.44, -2.94, -0.27, -0.33, 11 100000000 100
bore, -2.12, -1.3, -3.18, -1.72, -1.68, -2.99, 11 100000000 000
boss, -0.26, 1.8, 0.91, -0.26, 2.16, 1.29, 11 010000000 000
boy, 0.83, 0.31, 1.61, 1.08, 0.48, 1.34, 10 100000010 000
bride, 2.13, -1.09, -0.16, 2.81, -0.16, 0.25, 01 000000010 001
bridegroom, 2.2, 1.0, 0.79, 2.25, 1.13, 0.44, 10 000000010 001
bridesmaid, 2.24, -1.55, 0.03, 1.88, -0.92, 0.01, 01 000000010 000
brother, 1.41, 1.04, 0.43, 2.24, 1.83, 0.62, 10 000000010 000
brunette, 1.83, 0.21, 0.6, 1.04, 0.59, 0.2, 01 100000001 000
bully, -3.25, 2.37, 2.7, -2.4, 2.08, 2.61, 11 100000000 001
bum, -1.36, -0.47, -3.53, -1.49, -0.52, -3.09, 11 100000000 000
bureaucrat, -2.48, -0.52, -2.11, -1.67, -0.7, -2.27, 11 011101000 000
burglar, -3.33, 1.27, 0.13, -3.39, 1.73, 0.03, 11 011000000 000
business economist, -1.16, 0.63, 0.48, -0.49, 0.63, 0.53, 11 010000000 000
business school student, -1.15, -0.44, -0.51, -0.47, -0.08, -0.32, 11 010010000 000
businessman, 0.07, 1.38, 1.62, -0.09, 1.89, 1.64, 10 010000000 000
businesswoman, 0.84, 1.65, 2.01, 1.22, 1.92, 2.11, 01 010000000 000
butch, -1.5, 2.24, 1.38, -1.54, 2.77, 1.46, 01 100000001 000
capitalist, -1.71, 2.06, 1.57, -2.0, 2.09, 1.36, 11 010000000 000
Catholic, -0.46, 0.22, -1.01, -0.28, 0.11, -0.85, 11 000000100 000
chain-smoker, -2.54, -0.98, 0.42, -2.59, -0.75, -0.96, 11 100000000 100
champion, 1.38, 2.6, 1.99, 1.71, 2.8, 2.39, 11 100010000 001
chancellor, 0.38, 2.2, 0.24, 0.12, 1.95, 0.93, 11 000110000 000
chatterbox, -1.8, -1.22, 2.9, -1.31, 0.36, 2.84, 11 100000000 000
child molester, -3.59, -0.32, -0.95, -4.22, 0.18, -0.24, 11 001000011 001
child, 2.13, -2.66, 2.38, 2.45, -1.69, 2.62, 11 100000010 000
choleric person, -2.0, -0.32, 2.42, -2.55, 0.0, 2.42, 11 100001000 000
Christian, 0.75, -0.11, -1.1, 0.3, -0.49, -0.8, 11 000000100 010
citizen, 0.61, -0.1, -0.71, 1.19, 0.36, -0.28, 11 000100000 000
cleaning woman, 1.3, -0.07, 0.28, 0.87, 0.1, 0.41, 01 111011010 000
clerk, -0.17, -1.01, -1.42, -0.37, -1.07, -1.56, 11 011000000 000
clown, 1.33, -0.62, 2.48, 1.01, 1.16, 2.61, 11 100000000 000
co-worker, 1.02, 0.35, 0.08, 1.04, 0.24, 0.39, 11 010000000 000
coed, 2.06, -0.71, 0.73, 1.93, -0.04, 1.08, 01 000010000 000
colleague, 1.37, 0.62, -0.17, 1.46, 0.28, 0.25, 11 000011000 000
communist, -0.07, 0.46, 0.45, -0.45, 0.41, 0.46, 11 000100000 000
companion, 2.03, 1.31, -0.22, 2.95, 1.83, 0.52, 11 100000000 000
competitor, -0.95, 1.36, 1.77, -0.46, 1.59, 1.64, 11 110110000 000
computer expert, 0.32, -0.37, -0.44, 0.42, 0.19, -1.17, 11 110011000 100
confidant, 3.26, 0.86, -1.53, 3.52, 1.77, -1.29, 11 100000000 000
conservative, -0.85, 0.81, -1.52, -0.94, 0.5, -1.18, 11 000100000 000
construction laborer, 0.26, 2.08, 1.24, 0.24, 2.58, 1.3, 11 010000000 000
consumer, -0.2, -1.19, 0.29, -0.43, -0.51, 0.22, 11 010000000 000
controller, -2.0, 0.49, -0.28, -1.35, 0.61, 0.14, 11 010100000 000
coward, -2.3, -2.83, -0.54, -2.68, -3.2, -1.53, 11 100000000 000
criminal, -3.0, -0.25, 1.0, -3.26, 0.27, 1.92, 11 001000000 000
cripple, -1.52, -2.72, -2.57, -1.17, -1.91, -1.54, 11 100001000 000
crook, -2.38, 0.69, 0.57, -1.75, 0.88, 1.46, 11 011000000 000
crybaby, -2.51, -2.9, -0.85, -2.12, -2.51, -0.44, 11 100000000 000
customer, 0.87, 0.1, 0.05, 0.89, 0.78, 0.34, 11 010000000 000
cutthroat, -3.0, -0.66, 1.53, -3.32, 0.36, 1.25, 10 011100000 000
daughter in law, 1.1, 0.39, -0.23, 2.15, 0.9, -0.12, 01 000000010 000
daughter, 2.55, -1.23, 0.73, 2.79, -0.86, 0.88, 01 000000010 000
defendant, -1.64, -1.49, -1.44, -1.44, -1.1, -0.88, 11 001000000 000
defense attorney, 0.45, 1.45, 0.87, -0.34, 1.51, 1.23, 11 001000000 000
delinquent, -1.8, -0.44, -0.21, -2.08, 0.51, 0.46, 11 001000000 000
demagogue, -2.65, 0.59, 1.7, -2.77, 1.43, 2.22, 11 000100000 000
department head, -0.3, 1.3, 0.33, -0.03, 1.35, 0.78, 11 010100000 000
devil, -1.34, 1.8, 1.9, -2.34, 2.62, 2.62, 11 100000100 000
disadvantaged person, -1.13, -2.09, -1.46, -1.4, -2.23, -2.2, 11 111100000 000
divorce lawyer, -1.36, 1.35, 0.67, -1.27, 1.5, 0.79, 11 001000010 000
doctor, 1.2, 1.56, -1.13, 1.04, 2.06, -0.12, 11 000001000 101
doll, 0.92, -2.09, -2.21, 1.59, -2.68, -2.39, 01 100000000 000
drug addict (female), -2.03, -2.3, -1.84, -2.13, -2.08, -1.25, 11 001001000 000
drug addict, -2.59, -2.17, -1.48, -2.48, -1.54, -1.06, 11 001001000 000
drug dealer, -2.0, 0.16, 1.11, -2.49, -0.53, 1.75, 11 111000000 000
employee, -0.12, -0.93, -0.67, 0.21, -0.52, -0.62, 11 010000000 000
employer, -0.05, 1.84, 0.94, -0.03, 1.94, 0.76, 11 010000000 000
enemy, -2.93, 1.66, 0.89, -3.76, 2.31, 0.68, 11 100100000 001
entrepreneur, 0.41, 1.8, 1.46, -0.11, 1.92, 1.21, 11 010000000 000
ex-boyfriend, -1.41, 0.13, -0.01, -0.83, 0.13, -0.41, 10 000000001 000
ex-girlfriend, -0.02, -0.17, 0.24, -0.77, 0.33, 0.49, 01 000000001 000
ex-husband, -1.04, 0.69, 0.19, -1.13, 0.42, -0.17, 10 000000011 000
ex-wife, -1.16, 0.13, 1.03, -0.6, 0.34, 0.35, 01 000000011 000
executioner, -3.19, 2.62, -0.88, -3.71, 2.69, -0.49, 11 001000000 001
executive, 0.42, 1.9, 1.85, 0.14, 2.59, 1.82, 11 010000000 000
failure, -1.43, -1.75, -1.86, -1.91, -1.74, -1.58, 11 110110000 100
fairy, 2.82, -2.3, -0.42, 3.25, -2.75, -1.16, 10 000000001 000
family man, 2.35, 0.88, -0.51, 2.69, 1.43, 0.34, 10 000000010 100
fanatic, -2.0, -0.12, 1.81, -2.36, -0.32, 2.26, 11 100100000 000
father in law, -0.1, 1.35, -0.18, 0.49, 1.31, -0.28, 10 000000010 000
father, 1.23, 1.11, -0.06, 1.81, 2.51, 0.39, 10 000000010 001
feminist, -1.13, 1.46, 2.2, 0.13, 1.35, 1.77, 11 000100000 000
fiancé, 0.82, 0.71, -0.13, 1.99, 0.66, 0.04, 10 000000010 001
fiancee, 2.9, -0.64, 0.81, 2.03, -0.37, -0.05, 01 000000010 001
fireman, 2.06, 2.47, 1.75, 1.91, 2.73, 1.84, 10 001000000 001
firstborn, 1.13, -0.24, 0.51, 1.43, 0.79, 0.86, 11 000000010 000
fisherman, 1.42, 1.14, -1.39, 1.0, 1.1, -0.77, 11 110000000 000
follower, 0.34, 0.11, 0.35, 0.3, 0.05, 0.12, 11 100100100 000
fool, -1.57, -0.5, -1.33, -1.75, -0.46, -1.29, 11 100000000 000
foreigner, -0.2, 0.17, 0.21, 0.35, -0.02, 0.21, 11 000100000 000
foreman, 0.46, 1.25, 0.62, 0.33, 1.64, 1.09, 11 010000000 000
friend, 3.8, 1.9, -0.62, 3.78, 2.11, 0.61, 11 100000000 000
gangster, -2.65, 1.74, 1.42, -2.81, 2.12, 1.92, 10 011000000 000
gay, 0.76, -1.13, 0.34, 1.21, -0.38, 0.73, 11 000000001 000
German-Turk, -0.5, 0.15, 0.78, -0.46, 0.22, 0.97, 11 111100000 000
German, 0.52, 0.62, 0.19, 0.07, 0.29, -0.23, 11 111100000 000
girl Friday, 0.45, -0.4, 0.97, 0.82, 0.48, 0.69, 01 011100000 000
girlfriend, 3.07, -0.01, 0.41, 3.54, 1.3, 1.25, 01 000000001 001
God, 1.22, 2.36, -1.23, 1.73, 2.06, -1.46, 11 000000100 000
gossip, -2.11, -0.78, 1.54, -1.88, 0.23, 2.61, 11 100000000 000
grandchild, 2.54, -2.0, 1.91, 2.9, -1.97, 2.05, 11 000000010 001
granddaughter, 2.18, -1.59, 1.44, 2.41, -1.43, 1.29, 01 000000010 001
grandfather, 2.13, 0.95, -1.7, 2.79, 1.49, -1.11, 10 000000010 001
grandmother, 2.85, -0.32, -1.32, 2.57, 0.05, -1.36, 01 000000010 001
guest, 1.98, 0.54, 0.15, 2.07, 0.47, 0.11, 11 100000010 000
gunman, -3.19, 1.1, 1.64, -3.4, 2.26, 1.66, 10 001000000 001
guy, 0.21, 2.24, 1.36, 0.12, 1.99, 1.51, 10 100000000 000
gynecologist, -0.41, 0.28, -0.89, 0.04, 0.4, -0.87, 11 000001001 101
half brother, 0.97, -0.27, 0.0, 1.34, 0.43, 0.07, 10 000000010 000
half sister, 0.64, -0.56, -0.1, 0.94, -0.12, 0.2, 01 000000010 000
handicapped person, -0.26, -1.46, -0.76, 0.22, -0.74, -0.64, 11 001001000 000
handyman, 0.55, 1.85, 1.28, 0.74, 2.42, 1.07, 10 110000000 000
head nurse, 0.15, 1.63, 0.82, 0.47, 2.31, 1.56, 11 000001000 001
hero, 2.36, 2.97, 1.82, 2.49, 3.11, 1.83, 10 100000000 000
high school dropout, 1.6, 0.47, 0.42, 1.44, 0.85, 0.85, 11 000010000 000
hillbilly, -1.15, 0.47, -1.51, -0.77, 0.22, -1.6, 11 100000000 000
homeless person, -0.5, -1.49, -1.61, -1.02, -1.54, -0.82, 11 100000000 000
homemaker, 0.87, -0.19, -0.08, 1.2, 0.36, 0.64, 11 000000010 000
homosexual, 0.14, -0.41, 0.22, 0.84, -0.11, 0.46, 11 000000001 000
hooker, -0.47, 0.21, 0.71, -0.86, -0.54, 0.63, 01 010000001 001
host, 2.39, 1.35, 0.91, 2.88, 1.76, 1.98, 10 100000000 000
hotshot, 0.72, 2.44, 2.66, 1.45, 2.58, 2.58, 11 100000000 000
house husband, 1.05, 0.1, -0.43, 1.96, 0.51, 0.24, 10 000000011 000
husband, 1.2, 1.23, -0.3, 1.92, 1.4, -0.14, 10 000000011 001
hussy, -1.28, -0.94, 1.76, -2.35, -0.56, 1.95, 01 000000001 001
idiot, -2.47, -1.6, 0.53, -1.96, -0.93, -0.67, 11 100000000 000
illegal worker, -0.7, -0.81, 1.54, -0.93, -0.89, 1.03, 11 010000000 000
illegitimate child, -0.08, -1.1, 0.04, 0.37, -0.8, -0.19, 11 000000010 000
immigrant, 0.29, -0.16, 0.14, 0.43, -0.25, -0.05, 11 000100000 000
intern (female), 1.2, -0.66, -0.06, 1.19, -1.03, 0.3, 11 011101000 000
intern, 0.85, -1.15, 0.08, 0.27, -1.15, 0.16, 11 011101000 001
interviewer, 0.29, 0.59, 0.89, -0.66, 1.36, 1.87, 11 010100000 000
Jew, 0.26, -0.37, 0.03, 0.96, -0.19, -0.59, 11 000000100 000
jock, 1.34, 2.52, 2.9, 1.3, 2.8, 3.05, 11 000010000 000
judge, 0.97, 2.19, -1.52, 0.25, 2.61, -0.75, 11 001000000 000
junkie, -2.62, -2.11, -0.52, -2.82, -1.81, -0.55, 11 101000000 000
king, 0.66, 3.04, 0.03, 0.9, 2.6, -0.72, 10 000100000 000
klutz, -0.25, -0.35, 1.52, 0.16, 0.07, 1.29, 11 100000000 000
knight, 2.01, 3.14, 1.76, 1.67, 3.09, 2.04, 11 000100000 000
know-it-all, -2.64, -0.06, 1.62, -2.4, 0.84, 1.88, 11 100000000 000
laborer, -0.15, 0.13, -0.36, -0.54, 0.35, -0.04, 11 010000000 000
lady, 1.85, 0.12, -1.01, 1.64, -0.15, -1.42, 01 100000000 000
landlady, 1.3, 1.27, 1.2, 1.12, 1.76, 1.51, 01 010000000 000
laughing stock, -0.7, -1.66, 1.12, -0.33, -1.55, 1.38, 11 100000000 000
law student, 0.15, 1.24, -0.53, 0.24, 0.98, -0.02, 11 001010000 000
lawbreaker, -2.16, 1.43, 1.47, -2.44, 0.58, 0.77, 11 001000000 000
lawyer, 0.37, 1.59, 0.39, 0.22, 1.54, 0.7, 11 001000000 000
leader, -0.52, 2.27, 2.09, -1.32, 1.91, 1.81, 11 110100100 000
lecturer, 1.12, 1.25, -0.75, 0.79, 0.96, -0.09, 11 000010000 000
lesbian, 0.41, 0.96, 0.57, 0.25, 0.84, 0.76, 01 000000001 000
liberal, 0.86, 0.91, 0.33, 0.84, 0.57, 0.45, 11 000100000 000
librarian, 1.02, -1.17, -2.3, 1.01, -1.29, -2.29, 11 000010000 000
little brother, 1.57, -1.45, 1.56, 2.04, -1.35, 1.61, 10 000000010 000
little sister, 1.98, -2.06, 0.62, 2.02, -1.74, 1.35, 01 000000010 000
lobbyist, -2.48, 1.9, 1.76, -1.68, 1.3, 1.08, 11 000100000 000
loser, -1.6, -2.64, -2.04, -1.38, -2.44, -2.03, 11 100000000 000
lout, -3.1, 0.95, 2.2, -3.0, 2.23, 2.54, 11 100000000 000
lover (female), 2.06, -0.45, 1.07, 1.35, -0.07, 0.35, 01 000000001 001
lover (male), 0.99, 1.63, 1.17, 1.49, 1.46, 1.22, 10 000000001 001
macho male, -2.0, -0.03, 1.46, -2.75, 0.05, 1.05, 10 100000001 000
mafioso, -2.78, 1.12, 0.19, -2.79, 2.77, 0.74, 10 011000000 000
maiden, 2.31, -2.2, -1.26, 1.42, -1.77, -0.61, 01 100000000 000
malcontent, -3.3, -1.58, 0.95, -3.02, -0.97, -0.02, 11 110010000 000
malingerer, -2.43, -1.54, 0.03, -2.44, -1.3, 0.07, 11 110010000 000
mama's boy, -1.58, -3.17, -2.53, -1.76, -2.69, -2.44, 10 000000010 000
man, 0.9, 1.74, 0.6, 1.09, 2.41, 1.4, 10 100000001 000
manager, -1.48, 2.37, 1.69, -1.0, 2.23, 1.72, 11 010000000 000
manageress, 0.45, 1.59, 2.27, 0.4, 2.29, 2.38, 01 010000000 000
masochist, -1.34, 0.15, 0.87, -2.19, -0.55, -0.4, 11 000000001 100
mayor, -0.61, 1.91, -0.32, 0.27, 1.76, 0.32, 11 000100000 000
mental case, -1.52, -1.2, 1.01, -1.83, -0.7, 0.95, 11 100001000 000
merchant, 0.09, 0.74, 1.73, 0.41, 1.27, 1.87, 11 010000000 000
millionaire, -0.12, 1.6, 0.6, 0.04, 1.71, 0.38, 11 010000000 000
minister, -0.06, 0.87, -0.2, -0.45, 1.27, 0.36, 11 000000100 000
miser, -2.9, -0.59, -0.2, -3.2, -0.73, -0.6, 11 100000000 000
misfit, -0.2, -1.46, -1.4, -1.0, -1.6, -1.98, 11 100000000 000
moron, -2.67, -0.3, 0.71, -2.78, 0.19, 0.05, 11 100000000 000
mother (rude), -2.0, -0.08, 1.06, -1.92, 0.64, 0.55, 01 100000010 000
mother in law, 0.1, 0.77, 0.9, -0.09, 0.95, 0.86, 01 000000010 000
mother, 2.63, 1.33, 0.09, 2.88, 1.45, 0.61, 01 000000010 001
mugger, -2.9, 1.68, 1.52, -3.28, 1.42, 2.04, 10 001000000 001
murderer, -3.34, 1.62, 0.9, -3.82, 1.74, 0.47, 11 001000000 001
murderess, -3.22, -0.22, 0.25, -3.12, 1.0, 0.57, 01 001000000 000
Muslim, 0.44, 0.12, 0.08, 0.24, 0.28, 0.01, 11 000000000 000
nark, -3.25, -1.06, -1.35, -3.16, -0.96, -0.75, 11 001000000 000
negotiator, 0.11, 0.47, -0.46, -0.83, 0.12, -0.13, 11 010100000 000
neighbor, 0.95, 0.33, 0.15, 0.84, 0.27, 0.08, 11 100000000 000
neurotic, -1.87, -1.61, 1.5, -1.68, -0.66, 0.98, 11 000001000 000
newsboy, 1.41, -0.96, 1.82, 1.01, -1.11, 1.93, 10 010000000 000
non-smoker, 1.72, 0.03, 0.05, 2.01, 0.48, 0.16, 11 100001000 000
nurse, 2.32, 0.44, 0.33, 2.01, 0.62, 1.14, 11 000001000 001
nursemaid, 1.73, -1.16, -0.14, 1.8, -0.4, 0.62, 01 000000010 001
offender, -2.46, 1.57, 1.07, -2.59, 1.12, 0.51, 11 001000000 000
officer, 0.48, 1.6, 0.72, -0.82, 2.05, 1.24, 11 001100000 000
old-timer, 1.35, 0.91, -1.04, 1.4, 0.87, -0.79, 11 100000000 100
old geezer, -1.02, -0.82, -2.18, -1.38, -0.31, -1.62, 10 100000000 100
opponent, -1.9, 1.4, 0.98, -2.43, 2.13, 1.65, 11 100100000 000
opportunist, -2.75, -0.48, 1.03, -2.07, -0.27, 0.54, 11 110100000 000
organizer, 0.48, 1.67, 1.65, 0.63, 1.62, 1.98, 11 110100100 000
outlaw, -1.43, -0.45, -1.04, -1.16, -1.08, -0.83, 11 001000000 000
pal, 2.64, 1.75, 0.9, 3.19, 1.76, 1.09, 11 100000000 000
partner, 2.7, 2.33, -0.71, 3.61, 2.68, 0.24, 11 111000001 000
passer by, 0.15, -0.51, 0.07, 0.39, -0.15, 0.06, 11 100000000 000
pastor, 0.97, 0.48, -1.09, 0.74, 0.66, -1.97, 11 000000100 000
patient (female), -0.14, -1.43, -1.17, 0.4, -1.57, -1.29, 11 000001000 000
patient, -0.19, -1.82, -2.02, -0.41, -2.0, -1.65, 11 000001000 001
patriot, -0.44, 0.96, 0.62, -0.89, 1.56, 1.23, 11 000100000 000
patrolman, -0.2, 1.01, -0.13, 0.09, 1.34, 0.5, 11 001000000 001
pauper, -0.82, -1.82, -1.39, -0.56, -1.7, -1.65, 11 010000000 000
pedestrian, 0.86, -0.39, -0.21, 1.53, -0.7, -0.49, 11 100000000 000
pediatrician, 2.29, 1.45, -1.0, 2.13, 1.51, -0.93, 11 000001000 001
perpetrator, -3.0, -0.53, 0.39, -2.8, 1.08, 1.75, 11 001000000 000
person, 1.05, 0.18, -0.03, 0.47, -0.07, 0.04, 11 100000000 000
pessimist, -2.04, -1.48, -2.08, -2.14, -0.53, -1.39, 11 100000000 000
pickpocket, -3.0, -1.35, 0.7, -2.99, -0.15, 0.99, 11 001000000 000
pimp, -2.93, 1.23, 1.67, -3.65, 2.38, 1.29, 10 011000001 000
policeman, -0.31, 1.51, 0.15, 0.75, 1.83, 0.82, 10 001000000 001
politician, -0.2, 0.68, 0.09, -0.36, 0.99, 0.09, 11 000100000 000
Pope, -0.1, 1.2, -2.04, -0.09, 0.42, -2.17, 10 000000100 000
pornographer, -0.51, 1.49, 2.14, -1.5, 1.42, 2.27, 11 010000001 000
preacher, -0.51, 0.67, 0.02, -0.15, 0.52, -1.0, 11 000000100 000
president, 0.7, 2.52, 0.78, 0.04, 1.96, 0.27, 11 000100000 000
priest, 0.81, 0.51, -1.1, 1.05, 0.36, -1.5, 10 000000100 000
prime minister, -0.03, 1.87, 0.1, 0.44, 2.0, 0.77, 11 000100000 000
prince, 1.61, -0.02, 0.45, 1.94, 0.79, 0.41, 10 000100000 000
princess, 1.91, -1.7, -0.65, 1.82, -1.54, 0.37, 01 000100000 000
principal, 0.23, 1.74, 0.18, -0.6, 2.02, 0.41, 11 000010000 000
prisoner, -2.0, -1.07, -0.29, -1.34, -0.79, 0.25, 11 001000000 000
probation officer, 1.08, 0.73, -0.12, 1.32, 1.11, -0.13, 11 001000000 000
professor, 1.2, 2.01, -1.17, 1.52, 1.66, -1.02, 11 000010000 000
prosecuting attorney, -0.97, 2.16, 0.66, 0.02, 2.35, 0.37, 11 001000000 001
prosecutor, -1.86, 1.27, 1.04, -1.33, 1.79, 1.38, 11 001000000 000
prostitute, -0.34, -0.56, 0.97, -1.11, -0.47, 0.95, 01 010000001 001
Protestant, 0.23, 0.35, -0.49, -0.06, 0.2, -0.12, 11 000000100 000
psychiatrist, 0.17, 0.49, -1.5, 1.0, 0.53, -1.33, 11 000001000 000
psychologist, 0.59, 0.24, -1.31, 1.13, 0.77, -1.9, 11 000011000 000
psychology student, 0.33, -1.08, -1.33, 0.82, -0.26, -0.83, 11 000010000 000
public defender, 0.01, 0.06, -0.38, -0.06, 0.75, 0.23, 11 001000000 000
queen, 1.66, 1.22, -1.14, 1.54, 2.25, -0.18, 11 000100000 000
racist, -3.66, -0.06, 1.07, -4.11, 0.75, 1.72, 11 100100000 000
racketeer, -2.41, 1.35, -1.11, -1.92, 0.89, -0.39, 11 011000000 000
rapist, -3.59, 2.27, 2.37, -4.19, 2.23, 2.03, 10 001000001 001
relative, 1.37, 0.58, -0.1, 1.55, 0.71, 0.34, 11 000000010 000
repo man, -2.31, 1.6, -0.82, -2.01, 1.28, -0.14, 11 111000000 000
representative, 0.35, 1.24, 0.0, 0.25, 0.87, -0.67, 11 000100000 000
reservist, 0.13, -0.03, -1.05, -0.32, 0.45, -0.69, 11 000100000 000
right-winger, -3.13, 0.93, 1.35, -3.69, 1.86, 2.04, 11 000100000 000
rival, -1.87, 1.84, 1.62, -2.1, 2.53, 2.25, 11 100100001 000
robber, -2.48, 1.68, 1.33, -3.0, 2.21, 2.14, 11 011000000 000
role model, 2.4, 2.81, 0.07, 2.64, 2.8, -0.04, 11 110110110 000
ruffian, -3.0, 1.53, 1.89, -3.84, 1.05, 2.33, 10 100000000 000
sadist, -3.31, 1.46, 0.33, -3.86, 1.0, 1.29, 11 000000001 001
saint, 1.42, 0.28, -2.15, 1.16, 0.33, -2.06, 11 000000100 000
salesman, 0.2, 0.27, 0.94, -0.3, 0.4, 1.28, 10 010000000 000
Santa Claus, 2.22, 2.21, -1.57, 2.38, 2.64, -1.31, 10 000000010 000
schizophrenic, -1.42, -0.24, 1.29, -1.66, -0.73, 0.7, 11 000001000 001
scholar, 2.33, 1.13, -1.69, 2.49, 0.84, -1.4, 11 000010000 000
schoolboy, 1.14, -0.83, 1.63, 1.1, -1.08, 1.93, 10 000010000 000
schoolgirl, 1.57, -2.17, 1.32, 1.96, -2.48, 1.15, 01 000010000 000
scientist, 1.79, 0.93, -0.93, 1.65, 0.73, -0.11, 11 010010000 000
secret agent, -0.71, 1.4, -1.15, -0.3, 1.54, 0.12, 11 000100000 000
secretary, 0.98, -0.41, 0.81, 0.83, 0.04, 1.08, 11 011100000 000
senior citizen, 0.56, -1.05, -1.77, 0.94, -0.74, -1.77, 11 100100000 000
serial murderer, -3.93, 1.58, 0.25, -4.15, 1.75, 0.5, 11 001000000 001
servant, 0.78, -0.8, -1.01, 0.63, -0.88, -0.88, 11 010000000 000
sexist, -2.61, 0.34, 1.64, -3.06, 0.57, 1.62, 11 111110110 100
shopkeeper, 1.13, 1.07, 0.67, 0.79, 1.24, 0.24, 11 010000000 000
shopper, -0.05, -0.16, 0.83, 0.32, 0.24, 0.92, 11 010000000 100
shrew, 0.68, 0.33, 0.36, -0.08, 1.02, 0.42, 01 100000000 000
sick person, -1.09, -2.12, -2.29, -1.15, -2.65, -2.77, 11 000001010 001
sinner, -1.43, -0.67, -0.14, -1.69, -0.89, -0.27, 11 000000100 000
sister in law, 0.21, 0.46, 0.53, 0.58, 0.12, 0.16, 01 000000010 000
sister, 2.17, -0.22, 0.42, 2.58, 0.17, 0.82, 01 000000010 000
skilled worker, 1.28, 0.77, 0.27, 0.59, 0.72, 0.56, 11 010000000 000
small businessman, 1.24, 0.23, 1.1, 0.94, 0.31, 0.98, 10 010000000 000
smoker, -2.12, 0.1, -0.69, -1.73, -0.16, -0.87, 11 100001000 100
soldier, -1.23, 1.35, 1.66, -1.71, 1.88, 1.66, 11 000100000 001
son in law, 0.6, 0.31, 0.06, 1.11, 0.62, 0.41, 10 000000010 000
son, 2.23, 0.84, 1.72, 1.62, 1.06, 1.44, 10 000000010 000
spokesman, 1.31, 1.33, 1.15, 1.27, 1.23, 0.85, 10 010100000 000
spokeswoman, 0.78, -0.08, 1.11, 1.79, 1.05, 1.1, 01 010100000 000
sponger, -2.43, -0.8, 0.95, -2.6, -0.24, 0.26, 11 100000000 000
sponsor, 1.6, 1.83, 0.45, 1.62, 2.16, -0.15, 11 001110100 000
sports fan, 0.2, 1.24, 2.46, 0.25, 1.77, 2.6, 11 110010000 100
spy, -0.84, 0.96, -0.14, -1.43, 0.11, -0.58, 11 000100000 000
stepchild, -0.31, -1.07, -0.19, 0.05, -1.24, 0.18, 11 000000010 000
stepdaughter, -0.21, -0.22, 0.26, -0.16, -0.57, -0.34, 01 000000010 000
stepmother, -0.73, 0.78, 0.64, -1.11, 1.24, 1.02, 01 000000010 000
stepparent, -0.85, 0.94, 0.08, -0.25, 1.05, 0.28, 11 000000010 000
stockholder, -1.0, 0.94, -0.19, -0.37, 1.43, 1.07, 11 010000000 000
stranger, 0.4, 0.52, -0.17, 0.32, 0.5, 0.16, 11 100000000 000
strike breaker, -1.82, 0.89, 0.72, -1.32, 0.36, 0.39, 11 010000000 001
strike leader, -0.55, 2.52, 2.73, -0.39, 2.51, 2.86, 11 010000000 000
student, 1.74, -0.34, 0.67, 1.8, 0.38, 1.01, 11 000010000 000
stuffed shirt, -2.25, 2.17, -1.35, -2.16, 2.02, -2.02, 11 100000000 000
subordinate, -0.73, -2.18, -1.45, -0.73, -2.61, -1.6, 11 011100000 000
superior, -0.4, 1.7, 0.11, -0.09, 2.05, 0.73, 11 011100100 000
supporter, 2.58, 1.68, -0.66, 2.61, 1.85, 0.14, 11 000100100 000
surgeon, 0.58, 1.11, 0.2, 0.84, 1.98, 0.22, 11 000001000 001
survivor, 2.2, -0.66, -1.36, 2.11, -0.23, -0.57, 11 100000000 000
suspect, -1.23, -0.09, -0.18, -1.68, -0.02, -0.27, 11 001000000 000
swaggerer, -3.0, -1.38, 0.84, -2.35, -1.18, 1.7, 10 100000001 000
taxi driver, 0.59, 0.23, 0.12, 0.66, -0.11, 0.02, 11 010000000 000
taxpayer, 1.1, -0.53, -0.64, 0.46, -0.38, -0.7, 11 000100000 000
teacher, 1.37, 0.4, -0.42, 0.6, 0.55, -0.15, 11 000010000 000
team leader, 0.43, 1.76, 1.52, 1.35, 2.13, 2.09, 11 010111000 000
teammate, 2.58, 1.71, 1.81, 1.78, 1.05, 1.16, 11 010111000 001
teenager, 0.29, -0.51, 2.28, -0.02, 0.15, 1.77, 11 100000000 000
temporary worker, 0.41, -0.82, 0.22, 0.47, -0.88, 0.1, 11 010000000 000
terrorist, -3.0, 0.69, 1.75, -3.59, 0.71, 2.73, 11 001100000 000
the press, -0.3, 1.6, 2.39, -0.26, 2.18, 2.26, 11 111100000 000
thief, -2.64, -0.27, 0.7, -2.93, 0.02, 1.01, 11 011000000 000
thug, -3.39, 1.74, 1.29, -3.78, 2.94, 2.75, 11 101000000 001
toddler, 2.08, -2.71, 2.05, 2.74, -2.26, 1.83, 11 100000010 001
tourist, 1.9, 0.23, -0.77, 1.68, 0.63, -1.13, 11 110000000 000
trainee, 0.68, -1.15, -0.16, 0.45, -0.92, -0.06, 11 011111100 000
traveler, 2.02, 1.17, 1.34, 2.23, 1.14, 1.36, 11 110000000 000
Turk (abusive), -2.0, 0.51, 1.08, -1.97, -0.12, 0.98, 11 100000000 000
Turk, 0.4, 0.45, 0.22, -0.1, 0.01, 0.74, 11 100100000 000
uncle, 1.77, 1.35, -0.6, 1.22, 1.48, -0.37, 10 000000010 000
unemployed person, -0.6, -1.6, -1.54, -0.57, -1.25, -0.96, 11 010000000 000
union member, -0.31, 0.33, 0.98, -0.5, 0.98, 1.13, 11 010000000 000
vampire, -1.68, 1.95, 0.67, -1.96, 2.06, 1.52, 11 100000001 001
victim, -2.0, -3.02, -0.21, -1.35, -2.82, 0.01, 11 101000001 000
visitor, 1.73, 0.32, 0.37, 1.71, 0.11, 0.02, 11 100000000 000
voter, 1.32, 0.03, -0.72, 1.03, 0.0, -0.66, 11 000100000 000
voyeur, -2.43, -1.16, -1.84, -2.98, -1.53, -1.7, 11 000000001 000
wage earner, 1.2, -0.26, -0.6, 0.7, -0.71, 0.04, 11 010000000 000
waiter, 0.93, 0.23, 1.05, 1.16, 0.44, 1.57, 11 010000000 000
waitress, 1.69, -0.1, 1.75, 1.15, 0.12, 1.8, 01 010000000 000
weakling, -1.01, -2.92, -1.58, -1.45, -3.12, -2.64, 11 100000000 000
whiz kid, 0.09, 1.45, 1.7, 0.48, 1.13, 1.73, 11 000010000 000
whore, -0.07, -0.04, 0.98, -1.26, -0.33, 0.35, 01 010000001 001
wife, 2.11, 0.51, 0.23, 1.4, 0.58, 0.42, 01 000000011 001
windbag, -2.52, -0.17, 2.65, -2.56, -0.36, 2.13, 11 100000000 000
witness, 1.1, 0.12, -0.95, 0.91, 0.18, -0.23, 11 001000000 000
woman, 2.54, -0.93, 1.25, 2.13, -0.12, 0.65, 01 100000001 000
womanizer, -0.55, 1.34, 1.86, -1.09, 1.81, 2.43, 10 000000001 101
worker, 0.91, 1.98, 1.73, 0.64, 1.77, 0.7, 11 010000000 010
yes-man, -2.21, -2.09, 0.15, -2.2, -2.31, -1.23, 10 010100000 000

