academic, 1.11, 0.71, -0.5, 0.84, 0.76, -0.5, 11 000010000 000
accomplice, -0.46, 0.53, 1.09, -0.19, 0.4, 0.74, 11 001000000 000
accountant, 0.28, 0.63, -0.5, 0.73, 1.22, 0.3, 11 010000000 000
accused, -0.71, -1.35, 0.07, -0.31, -1.2, -0.19, 11 001000000 000
acid-head, -2.09, -1.95, 1.38, -1.87, -0.91, 0.58, 11 100000000 000
actor, 0.62, 0.58, 1.36, 0.78, 1.02, 1.45, 11 110000000 000
addict, -2.27, -1.96, 0.77, -0.97, -1.76, 0.4, 11 101001000 000
adolescent, 0.42, -0.79, 1.89, 0.63, -0.62, 2.11, 11 100000010 000
adult, 0.63, 0.79, -0.25, 0.86, 0.96, -0.33, 11 100000010 000
adulterer, -1.97, -0.16, 0.96, -1.64, 0.16, 0.75, 10 000000011 001
adulteress, -2.09, -0.38, 0.99, -1.6, -0.35, 1.21, 01 000000011 001
advisor, 0.99, 1.27, -0.7, 1.34, 1.3, -0.57, 11 110110000 000
airline pilot, 1.38, 1.74, 0.62, 1.33, 1.71, 0.47, 11 010000000 000
alcoholic, -1.86, -1.37, -0.41, -1.34, -1.83, -0.58, 11 100001000 000
alumnus, 0.6, 1.33, -0.74, 0.75, 1.54, -0.64, 11 000010000 000
amateur, 0.24, -0.4, 1.27, 0.54, -0.29, 0.59, 11 100000000 000
anesthetist, 0.72, 0.8, -0.26, 0.94, 1.0, -0.3, 11 000001000 001
applicant, 0.57, -1.03, 0.29, 0.53, -0.79, 0.19, 11 010010000 000
apprentice, 0.68, -0.51, 1.27, 0.64, -0.58, 0.88, 11 010000000 000
architect, 1.06, 1.16, -0.15, 1.06, 0.92, -0.02, 11 010000000 000
ass, -2.09, -1.38, 1.42, -2.08, -0.09, 1.06, 11 100000000 000
assailant, -2.43, 1.18, 1.85, -2.35, 2.03, 1.83, 11 001000000 001
assassin, -3.48, 0.75, 0.84, -2.76, 1.19, 1.0, 11 001100000 001
assistant, 0.93, -0.42, 0.14, 1.13, -0.27, 0.29, 11 110001000 000
athlete, 1.33, 1.82, 2.13, 1.0, 1.78, 1.48, 11 010010000 001
attorney, 0.82, 1.88, -0.25, 0.86, 2.01, -0.42, 11 001000000 000
auctioneer, 0.57, 0.35, 1.91, 0.4, 1.27, 1.24, 11 010000000 000
auditor, -0.67, 1.07, -0.74, 0.28, 1.17, -0.18, 11 010000000 000
aunt, 1.18, 0.03, -0.69, 1.3, 0.16, -0.18, 01 000000010 000
auntie, 1.06, -0.54, -0.86, 1.41, 0.1, -0.38, 01 000000010 000
author, 1.28, 1.2, -0.25, 1.0, 0.33, -0.08, 11 010010000 000
authority, 0.77, 1.7, -0.38, 0.62, 1.42, 0.14, 11 011111100 000
auto mechanic, 0.49, 0.45, 0.29, 0.81, 0.5, 0.69, 11 010000000 000
babe, 0.87, -0.76, 1.8, 0.29, -0.27, 1.75, 01 100000000 000
baby, 1.98, -2.55, 2.47, 2.94, -1.95, 2.03, 11 100001010 001
baby sitter, 1.31, -0.35, 1.12, 1.4, 0.13, 0.9, 11 000000010 011
bachelor, 0.78, 0.7, 1.74, 1.06, 0.78, 1.72, 10 000000011 000
backer, 1.54, 1.79, -0.07, 0.98, 1.98, 0.97, 11 110100000 000
bailiff, 0.24, 0.39, -0.61, 0.27, 0.85, -0.58, 10 001000000 001
bailsman, -0.24, 0.75, -0.31, 0.21, 0.72, -0.09, 11 001000000 000
baker, 1.06, -0.26, -0.49, 1.36, 0.33, -0.63, 11 010000000 000
bandit, -1.92, 0.81, 1.18, -1.54, 1.25, 1.15, 11 001000000 000
bank teller, 1.14, 0.09, 0.26, 1.03, 0.04, -0.73, 11 010000000 000
banker, 0.59, 1.44, -0.74, 0.71, 1.74, -0.24, 11 010000000 001
barkeeper, 0.96, 0.39, -0.02, 0.56, 0.59, 0.24, 11 010000000 000
barmaid, 0.48, -0.3, 1.48, 0.5, -0.33, 1.68, 01 010000000 000
bartender, 0.75, 0.29, 0.21, 0.69, 0.53, 0.02, 11 010000000 000
beauty, 1.73, 0.55, 1.45, 1.33, 0.41, 1.32, 01 100000000 001
beggar, -1.16, -2.19, -1.29, -0.76, -2.06, -1.47, 11 100000000 000
beginner, 0.36, -1.24, 0.63, 1.13, -1.02, 0.79, 11 100000000 000
bellboy, 0.53, -1.23, 1.05, 0.41, -0.83, 1.13, 10 010000000 000
bellhop, 0.54, -1.42, 0.96, 1.15, -0.49, 1.58, 11 010000000 000
bellman, 0.37, -0.56, -0.22, 0.87, 0.07, 0.16, 10 010000000 000
big shot, -1.08, 0.98, 0.39, -1.18, 0.31, 1.43, 11 100000000 000
bigamist, -1.48, -0.21, 0.55, -1.82, 0.24, 0.69, 11 001000011 011
bigot, -2.4, -0.88, 0.34, -1.9, -0.43, -0.32, 11 100000000 000
bill collector, -1.02, 0.52, -0.08, -0.24, 0.97, 0.32, 11 010000000 000
bisexual, -1.49, -1.15, 1.1, -1.16, -0.56, 0.88, 11 000000001 001
bitch, -2.47, -0.03, 2.1, -1.96, 1.0, 1.58, 01 100000000 000
blabbermouth, -1.61, -0.28, 1.3, -1.82, 0.14, 1.55, 11 100000000 000
blacksmith, 0.95, 1.61, 0.4, 1.12, 1.38, -0.56, 11 010000000 000
bleeder, -0.7, -0.61, 0.06, -0.6, -0.37, -0.2, 11 000001000 011
blind date, 0.16, -0.23, 0.39, -0.37, -0.25, 0.59, 11 000000001 001
blockhead, -1.27, -1.42, -0.44, -0.25, -0.86, -0.37, 11 100000000 000
boarder, 0.48, -0.64, -0.18, 0.41, -0.23, 0.13, 11 010000000 000
bodyguard, 0.48, 1.94, 0.8, 0.71, 1.81, 1.16, 11 001100000 001
bohemian, 0.1, 0.03, 1.5, -0.12, 0.45, 0.47, 11 100000000 000
bonehead, -1.02, -1.48, -0.17, -0.29, -1.59, 0.1, 11 100000000 000
boob, -0.3, -0.59, 0.56, -0.07, -0.58, 1.06, 11 100000000 000
bookie, -0.98, 0.48, -0.07, -1.16, 0.77, 0.35, 11 011000000 000
bookkeeper, 0.4, -0.24, -0.83, 0.77, -0.28, -0.85, 11 010000000 000
bookworm, 0.16, -0.49, -0.9, 0.95, -0.11, -1.19, 11 000010000 000
boor, -1.61, -0.99, -1.01, -0.71, -0.21, -0.41, 11 100000000 000
bootblack, -0.14, -1.04, -0.06, 0.13, -0.82, -0.08, 11 010000000 000
boss, 0.28, 1.81, -0.26, 0.39, 2.19, 0.0, 11 010000000 000
bouncer, -0.95, 2.38, 1.6, -0.7, 1.93, 1.13, 10 010000000 001
boxer, -0.03, 2.2, 2.4, -0.34, 1.73, 2.38, 10 010000000 001
boy, 1.02, 0.08, 1.74, 1.8, 0.63, 1.38, 10 100000010 000
boyfriend, 1.27, 1.08, 1.39, 2.34, 1.62, 1.68, 10 000000001 001
boy scout, 1.41, 0.09, 1.31, 2.06, 0.59, 1.69, 10 100000000 000
braggart, -1.58, -1.33, 1.11, -1.55, -1.06, 1.52, 11 100000000 000
brain, 1.79, 1.83, 1.04, 1.72, 1.9, 0.67, 11 000010000 000
brat, -2.04, -1.33, 2.58, -2.01, 0.61, 2.58, 11 100000010 000
broad, 0.24, -0.14, 1.38, -0.18, 0.27, 1.23, 01 100000000 000
brother, 2.0, 1.1, 0.92, 2.39, 1.48, 1.04, 10 000000010 000
my brother, 2.01, 1.15, 2.29, 1.68, 1.47, 1.92, 10 000000010 000
brother-in-law, 1.25, 0.35, 0.8, 1.18, 0.42, 0.46, 10 000000010 000
brute, -1.96, 1.69, 1.91, -1.8, 1.1, 1.72, 10 100000000 001
buddy, 2.03, 0.98, 1.54, 2.51, 1.38, 0.78, 11 100000000 000
buffoon, -0.95, -1.23, 0.72, -0.71, 0.06, 0.48, 11 100000000 000
bulldozer operator, 0.44, 1.13, 0.87, 0.24, 0.87, 0.55, 11 010000000 000
bully, -2.23, 1.29, 1.86, -1.97, 1.86, 2.33, 11 100000000 001
bum, -1.16, -1.51, -0.48, -1.06, -1.14, -1.13, 11 100000000 000
bumpkin, -0.18, -0.85, 0.22, 0.11, -1.16, 0.21, 11 100000000 000
burglar, -2.5, 0.42, 0.66, -1.93, 0.69, 0.84, 11 011000000 000
bus driver, 0.7, 0.3, -0.05, 0.74, 0.25, 0.27, 11 010000000 000
busboy, 0.02, -0.87, 1.15, 0.93, -0.22, 1.19, 10 010000000 000
busybody, -1.15, -0.57, 0.77, -1.46, -0.01, 1.06, 11 100000000 000
butcher, 0.48, 0.46, 0.3, 0.28, 0.82, 0.32, 11 010000000 000
butterfingers, -0.38, -0.89, 0.63, 0.08, -0.58, 0.6, 11 100000000 000
bystander, -0.01, -1.19, -0.69, 0.0, -0.69, -0.38, 11 100000000 000
cad, -1.45, -0.24, 0.43, -1.41, -0.3, 1.1, 10 100000000 000
call girl, -0.35, -0.47, 1.84, -1.29, -0.56, 2.06, 01 000000001 001
captive, -0.8, -1.6, -0.26, -0.52, -0.71, -0.42, 11 001100001 001
card, 0.47, 0.39, 1.35, 0.7, 0.27, 1.59, 11 100000000 000
carpenter, 1.24, 0.99, 0.28, 0.89, 0.56, 0.27, 11 010000000 000
cashier, 0.55, -0.45, 0.26, 0.44, -0.58, -0.02, 11 010000000 000
celebrity, 0.86, 1.66, 1.04, 1.12, 1.83, 0.76, 11 110000000 000
center, 0.46, 1.83, 1.76, 0.69, 1.87, 2.08, 10 010010000 001
chambermaid, 0.89, -1.19, -0.48, 1.12, -0.95, 0.15, 01 010000000 000
champion, 1.43, 2.57, 2.05, 1.13, 2.58, 1.87, 11 100010000 001
chap, 1.14, 0.33, 0.26, 1.48, 0.07, 0.5, 10 100000000 000
chaperon, -0.2, 0.95, -0.98, 0.31, 0.86, -1.1, 11 100000010 000
chatterbox, -1.3, -1.05, 2.36, -0.78, -0.34, 2.13, 11 100000000 000
cheerleader, 0.73, -0.14, 2.7, 0.7, 0.26, 2.42, 11 010010000 000
chef, 0.87, 0.18, -0.11, 1.04, 0.53, -0.44, 11 010000000 000
chemist, 0.97, 0.9, -0.05, 0.58, 1.11, -0.6, 11 010010000 000
chick, 1.57, -0.64, 1.65, 0.88, -0.38, 2.34, 01 100000000 000
child, 1.42, -1.48, 2.31, 1.94, -1.1, 2.52, 11 100000010 000
chiropractor, 0.01, -0.35, -0.17, 0.36, 0.29, -0.02, 11 000001000 001
christian, 1.49, 0.83, -0.06, 1.87, 0.97, -0.01, 11 000000100 010
chum, 1.57, 0.72, 0.7, 2.14, 1.02, 0.83, 11 100000000 000
church deacon, 1.39, 0.89, -1.31, 1.8, 1.03, -1.19, 11 000000100 000
civil servant, 0.83, 0.26, -0.6, 1.03, 0.76, -0.25, 11 001100000 000
classmate, 1.06, -0.03, 1.26, 1.19, 0.16, 0.59, 11 000010000 000
clergy, 1.41, 1.64, -0.66, 2.14, 1.72, -0.85, 11 000000100 000
clerk, 0.46, -0.05, -0.29, 0.81, 0.02, -0.05, 11 011000000 000
client, 1.01, 0.19, -0.47, 0.7, 0.27, 0.03, 11 011000000 000
clod, -1.24, -1.17, 0.11, -1.3, -0.52, 0.13, 11 100000000 000
clown, 1.46, -0.34, 1.4, 2.16, 0.18, 1.1, 11 100000000 000
clown, 1.41, -0.46, 1.21, 1.98, 0.09, 0.92, 11 100000000 000
co-worker, 1.14, 0.52, 0.62, 1.16, 0.25, 0.68, 11 010000000 000
coach, 0.55, 1.66, 0.84, 1.37, 1.96, 0.95, 11 010010000 001
coed, 1.48, -0.25, 1.74, 1.35, 0.48, 1.67, 01 000010000 000
colleague, 1.29, 1.01, 0.24, 1.31, 0.74, 0.35, 11 000011000 000
comedian, 1.26, 0.17, 1.65, 1.61, 1.04, 1.82, 11 100000000 000
companion, 1.99, 1.29, 0.91, 2.16, 1.13, 0.13, 11 100000000 000
computer programmer, 0.59, 0.58, 0.73, 0.71, 0.9, 0.83, 11 010010000 000
concubine, -0.56, -1.07, 1.01, -0.67, -0.95, 0.47, 01 010000001 001
confidant, 1.8, 1.59, -0.22, 2.16, 1.04, 0.46, 11 100000000 000
conformist, -0.61, -0.99, -0.19, -0.26, -0.75, -0.39, 11 100000000 000
connoisseur, 0.86, 0.35, -0.33, 0.98, 0.28, 0.13, 11 100000000 000
construction foreman, 0.79, 1.58, 0.96, 0.33, 1.14, 0.15, 11 010000000 000
construction laborer, 0.26, 0.59, 1.57, -0.02, 0.97, 1.44, 11 010000000 000
consumer, 0.31, -0.69, -0.28, 0.47, 0.42, 0.19, 11 010000000 000
convict, -1.51, -0.56, 1.15, -1.7, -0.03, 0.63, 11 001000000 001
cook, 0.79, -0.12, -0.24, 1.01, 0.32, -0.37, 11 010000000 000
cop, 0.76, 1.49, 0.35, 0.98, 1.39, 0.71, 11 001000000 001
copper, -0.43, 0.72, 0.3, 0.23, 2.02, 0.42, 11 001000000 001
copycat, -1.78, -1.85, 0.68, -1.7, -1.47, 0.43, 11 100000000 000
coroner, -0.21, 0.54, -0.96, 0.08, 0.34, -0.45, 11 001001000 000
counselor, 1.23, 1.0, -0.13, 1.42, 1.29, -0.14, 11 111111100 000
courtesan, 0.12, -0.21, 0.1, -0.09, -0.06, 0.55, 01 010000001 001
cousin, 0.82, 0.01, 1.31, 1.25, -0.14, 1.25, 11 000000010 000
coward, -1.45, -2.24, -0.51, -1.3, -1.97, -1.14, 11 100000000 000
crab, -1.1, -0.71, -0.4, -0.63, -0.63, -0.84, 11 100000000 000
crackpot, -1.0, -0.78, 0.86, -1.16, -0.28, 0.99, 11 100000000 000
crank, -1.58, -0.78, -0.46, -1.57, -0.41, 0.2, 11 100000000 000
criminal, -1.93, -0.47, 1.0, -1.65, -0.01, 1.28, 11 001000000 000
cripple, -0.14, -1.62, -1.03, 0.32, -1.04, -1.13, 11 100001000 000
crippled person, -0.06, -1.08, -1.08, 0.59, -0.78, -0.9, 11 100001000 000
critic, -0.41, 1.07, 0.28, -0.13, 1.08, 0.31, 11 100110000 000
crone, -0.66, -0.5, -1.03, -0.87, -0.54, -1.92, 01 100000000 000
crook, -2.28, 0.32, 1.3, -2.23, 0.84, 0.81, 11 011000000 000
crybaby, -1.66, -1.73, 1.67, -1.26, -1.3, 1.97, 11 100000000 000
culprit, -1.89, -0.76, 1.03, -1.72, 0.05, 0.71, 11 001000000 010
customer, 0.86, 0.12, -0.23, 0.69, 0.2, 0.18, 11 010000000 000
cutthroat, -2.69, 0.58, 1.17, -2.38, 1.31, 0.89, 10 011100000 000
cynic, -0.84, -0.15, 0.57, -1.2, -0.53, -0.03, 11 100110000 000
dame, 0.36, 0.2, 1.35, 0.21, 0.09, 1.3, 01 100000000 000
dandy, 0.0, 0.04, 1.35, 0.68, 0.58, 1.87, 10 100000000 000
daredevil, 0.05, 0.9, 2.03, -0.4, 0.5, 2.29, 11 100000000 000
darling, 1.86, 0.61, 0.69, 1.61, 0.35, 0.62, 01 100000000 001
daughter, 1.73, -0.46, 1.54, 1.19, -0.09, 0.88, 01 000000010 000
daughter-in-law, 1.21, -0.19, 1.26, 1.52, 0.07, 0.73, 01 000000010 000
deadbeat, -1.48, -1.71, -0.67, -1.48, -1.78, -0.96, 11 010000000 000
deadhead, -1.47, -1.63, -1.11, -0.97, -1.26, -1.11, 11 100000000 000
decorator, 0.43, -0.18, 0.26, 1.07, 0.33, 0.75, 11 010000000 000
defendant, -0.34, -1.1, -0.05, 0.13, -0.95, -0.24, 11 001000000 000
degenerate, -1.93, -1.27, 0.0, -0.79, -1.23, -0.07, 11 100001001 001
delinquent, -1.96, -0.84, 1.96, -1.56, -0.77, 2.15, 11 001000000 000
dental assistant, 0.9, 0.15, 1.04, 1.14, 0.32, 0.58, 01 000001000 001
dental hygienist, 0.57, -0.29, 0.6, 0.95, 0.33, 0.92, 01 000001000 001
dentist, 0.43, 0.72, -0.63, 0.81, 1.51, -0.32, 11 000001000 001
deputy, 0.69, 1.17, 0.7, 0.32, 1.22, 0.15, 11 001000000 001
desperado, -1.55, 0.71, 1.4, -2.07, 1.61, 1.65, 11 101000000 001
detective, 0.61, 1.22, 0.21, 1.05, 1.54, 0.23, 11 001000000 001
devil, -2.17, 1.68, 1.68, -2.66, 2.03, 1.11, 11 100000100 000
devil, -3.12, 1.97, 1.19, -2.71, 1.4, 0.98, 11 100000100 000
dietitian, 0.79, 0.36, -0.27, 0.92, 0.45, 0.08, 11 010001000 000
dike, -0.94, 0.15, 0.89, -0.35, 0.66, 0.01, 01 000000001 001
dimwit, -1.05, -1.49, -0.93, -0.32, -0.99, -0.2, 11 100000000 000
diner, 0.46, 0.12, -0.32, 0.56, 0.13, -0.08, 11 010000000 000
disabled person, -0.21, -1.17, -0.81, 0.2, -1.13, -0.95, 11 000001000 000
disciplinarian, -0.62, 1.02, -0.93, 0.25, 1.56, -0.23, 11 000010110 001
dishwasher, 0.01, -1.14, 0.11, 0.36, -0.75, 0.24, 11 010000000 000
district attorney, 0.2, 1.94, 1.12, 0.19, 1.94, 0.72, 11 001000000 000
divorcee, -0.01, -0.47, 0.68, 0.24, -0.16, 0.33, 01 000000010 000
do-nothing, -1.94, -1.96, -0.67, -1.53, -1.72, -0.46, 11 110000000 000
doctor, 1.8, 2.14, -0.31, 1.72, 1.84, -0.29, 11 000001000 101
doll, 1.29, -0.86, 0.71, 1.56, -0.94, 0.25, 01 100000000 000
dolt, -1.09, -1.11, 0.14, -0.12, -0.65, 0.56, 11 100000000 000
doorkeeper, 0.37, -0.58, -0.76, 0.48, -0.01, -0.59, 10 010000000 000
doorman, 0.28, -1.02, -0.78, 0.65, -0.34, -0.67, 10 010000000 000
dope, -1.42, -1.68, 0.08, -0.78, -1.18, -0.17, 11 100000000 000
dressmaker, 0.63, -0.54, -0.69, 1.06, 0.07, -0.03, 11 010000000 000
drip, -1.19, -1.29, -0.24, -1.17, -1.46, -0.9, 11 100000000 000
dropout, -1.1, -1.38, 1.12, -0.56, -1.3, 1.32, 11 000010000 000
drudge, -1.31, -1.11, -1.03, -1.17, -1.22, -1.32, 11 110010000 000
drug addict, -2.29, -2.2, 1.01, -1.74, -1.27, 0.64, 11 001001000 000
drunk, -1.25, -1.65, -0.1, -1.58, -1.38, 0.35, 11 100000000 000
drunkard, -1.91, -1.83, -0.25, -1.65, -1.37, -0.39, 11 100000000 000
dullard, -1.4, -1.5, -1.49, -0.8, -1.54, -1.13, 11 000010000 000
dumbbell, -0.62, -0.97, 0.38, -0.79, -1.21, -0.5, 11 100000000 000
dummy, -0.98, -1.79, -0.83, 0.01, -1.02, -0.46, 11 100000000 000
dunce, -1.06, -1.83, 0.27, -0.95, -0.98, -0.22, 11 100010000 000
easy mark, -0.31, -1.8, -0.44, 0.46, -1.03, -0.24, 11 110000000 000
egghead, -0.41, -0.18, -0.3, -0.58, -1.06, -0.32, 11 000010000 000
electrician, 0.64, 0.4, 0.46, 0.99, 0.71, -0.15, 11 010000000 000
elementary school teacher, 1.41, 0.83, 0.42, 1.41, 0.85, 0.34, 11 000010000 000
employee, 0.83, -0.53, -0.18, 0.72, -0.01, -0.01, 11 010000000 000
employer, 0.92, 2.0, -0.68, 0.61, 1.98, -0.28, 11 010000000 000
embalmer, -0.14, -0.02, -1.52, 0.43, 0.3, -1.03, 11 010001000 000
end-football, 0.16, 1.84, 2.13, 0.35, 2.21, 2.32, 10 010010000 001
engineer, 0.9, 1.09, 0.52, 1.05, 1.18, 0.59, 11 010000000 000
evangelist, 0.02, 0.6, 0.79, 0.11, 1.15, 0.86, 11 000000100 000
evildoer, -2.32, 0.63, 0.59, -2.89, 1.14, 0.94, 11 000000100 000
executive, 0.46, 1.85, 0.28, 0.25, 2.22, 0.74, 11 010000000 000
expert, 1.4, 1.7, 0.84, 1.79, 2.18, -0.11, 11 011111000 000
extrovert, 0.36, 1.08, 1.8, 0.5, 1.47, 1.57, 11 100000000 000
eyewitness, 0.7, 1.15, 0.32, 1.12, 1.65, 0.31, 11 001000000 000
fag, -2.16, -1.69, 0.75, -1.88, -1.59, 0.28, 10 100000001 000
fairy, -0.49, -0.45, 1.11, 1.74, 1.01, 1.19, 10 000000001 000
fan, 0.58, -0.05, 1.45, 1.42, 0.6, 1.88, 11 110000000 000
fanatic, -1.09, 0.14, 1.27, -0.88, -0.29, 1.27, 11 100100000 000
farm laborer, 0.69, -0.32, 0.32, 1.04, -0.33, -0.31, 11 010000000 000
farmer, 1.41, 0.1, -0.93, 1.65, 0.14, -0.63, 11 010000000 000
father, 1.77, 2.14, -0.68, 2.34, 1.89, -0.34, 10 000000010 001
father (my), 2.3, 2.13, -0.06, 2.91, 2.02, 0.25, 10 000000010 000
father in law, 0.9, 0.72, -0.79, 1.78, 1.05, -0.87, 10 000000010 000
faultfinder, -2.01, -1.02, 0.1, -1.65, -0.67, -0.22, 11 100000000 000
fellow, 1.35, 0.41, 0.22, 1.3, 0.35, 0.59, 10 100000000 000
felon, -2.4, -0.18, 0.79, -1.86, -0.07, 1.14, 11 001000000 001
female, 2.17, 0.1, 1.19, 1.6, 0.7, 0.5, 01 100000001 000
fiend, -2.45, 0.84, 1.12, -0.85, 0.78, 1.17, 11 100000101 000
file clerk, 0.19, -1.09, -0.33, 0.41, -0.89, -0.15, 11 010000000 000
fink, -2.3, -1.45, 0.92, -1.9, -0.68, 0.76, 11 100000000 000
firebug, -0.78, -0.37, 1.05, -0.98, 0.5, 1.03, 11 001000000 000
fireman, 1.84, 1.04, 1.32, 2.19, 1.89, 1.54, 10 001000000 001
firstborn, 1.22, 0.91, 0.94, 1.28, 0.59, 0.49, 11 000000010 000
fisherman, 0.59, -0.21, -1.14, 1.1, 0.07, -0.82, 11 110000000 000
flatfoot, -0.28, -0.43, -0.44, -0.17, -0.33, -0.45, 11 001000000 000
flight attendant, 1.26, 0.29, 0.96, 1.4, 0.48, 1.33, 11 010000000 000
flirt, -0.29, -0.31, 1.79, -0.08, 0.68, 2.18, 11 000000001 000
floorwalker, 0.06, -0.45, -0.36, 0.02, 0.17, 0.19, 11 010000000 000
flunky, -1.72, -1.41, 0.24, -1.01, -1.4, 0.02, 11 110100000 000
fool, -1.41, -1.73, 0.84, -1.18, -1.18, 0.37, 11 100000000 000
freak, -1.39, -1.1, 1.26, -0.78, -0.34, 0.72, 11 100000000 000
freshman, 0.38, -1.04, 1.87, 0.98, -1.31, 1.97, 11 000010000 000
friend, 2.65, 1.82, 0.93, 3.48, 1.2, 0.26, 11 100000000 000
fruit, -0.88, -1.29, 0.41, -0.38, -0.77, 0.12, 10 100000001 000
fuddy-duddy, -1.15, -1.15, -1.13, -0.75, -1.08, -0.84, 11 100000000 000
fugitive, -1.37, -0.45, 0.6, -1.43, -0.48, 1.0, 11 001000000 001
fullback, 0.31, 1.91, 1.93, 0.61, 2.2, 2.27, 10 010010000 001
funeral director, -0.62, -0.31, -1.32, 0.46, 0.26, -0.95, 11 010000000 000
g-man, -0.69, 1.13, 0.38, -0.68, 1.91, 1.07, 11 001000000 001
gal, 1.3, -0.55, 1.29, 0.37, 0.33, 1.0, 01 100000000 000
gambler, -0.52, -0.43, 1.21, -0.67, 0.17, 0.9, 11 110000000 000
gangster, -2.06, 1.41, 1.64, -1.88, 1.68, 1.27, 10 011000000 000
garbage collector, 0.26, -0.44, 0.19, 0.09, -0.35, -0.18, 11 010000000 000
gas station attendant, 0.5, -0.88, 0.39, 0.9, -0.27, -0.33, 11 010000000 000
geezer, -0.13, -0.81, -2.01, 0.02, -0.58, -1.47, 10 100000000 000
genius, 1.24, 1.36, 0.05, 1.13, 1.42, -0.02, 11 000010000 000
gent, 1.2, 0.75, -0.01, 1.49, 0.62, 0.38, 10 100000000 000
gentleman, 2.05, 1.42, -0.55, 2.49, 1.45, -0.11, 10 100000000 000
ghoul, -1.61, 0.54, 0.36, -1.14, 0.68, 0.72, 11 100000000 000
gigolo, -1.01, -0.16, 0.69, -0.77, -0.42, 1.12, 10 010000001 001
girl, 1.55, -0.58, 1.14, 0.89, -0.48, 0.73, 01 100000001 000
girl scout, 1.54, -0.98, 1.83, 1.28, -0.57, 1.61, 01 100000000 000
glutton, -1.55, -0.34, -0.29, -0.88, -0.66, -0.15, 11 100000000 000
god, 3.03, 3.59, -0.48, 3.58, 3.59, -0.24, 11 000000100 000
gold digger, -0.64, -0.32, 1.83, -0.66, 0.42, 1.95, 01 010000001 000
goody, -0.01, -0.46, -0.45, 0.32, -0.44, -0.23, 11 100000000 000
goon, -1.38, -0.33, 0.22, -0.58, -0.44, 0.7, 10 100000000 000
gossip, -1.84, -0.04, 0.71, -1.92, 0.73, 0.86, 11 100000000 000
gourmet, 0.9, 0.18, -0.18, 0.72, 0.26, 0.18, 11 100000000 000
graduate student, 0.35, 0.47, 0.39, 0.79, 0.66, 0.98, 11 000010000 000
grandchild, 1.85, -0.85, 1.84, 2.52, -0.53, 2.69, 11 000000010 001
granddaughter, 1.25, -0.89, 1.5, 1.16, -0.28, 1.52, 01 000000010 001
grandfather, 2.17, 1.31, -1.78, 2.28, 1.36, -1.59, 10 000000010 001
grandmother, 2.25, 0.13, -1.91, 2.4, 0.41, -1.35, 01 000000010 001
grandparent, 2.24, 0.71, -1.77, 2.52, 1.04, -1.63, 11 000000010 001
grandson, 1.51, -0.51, 2.28, 1.76, -0.11, 1.98, 10 000000010 001
granny, 2.13, -0.6, -2.21, 2.05, 0.35, -1.63, 01 000000010 000
grind, -1.02, -0.05, -1.04, -0.94, 0.12, -0.12, 11 000010000 000
grouch, -1.58, -0.22, -0.72, -1.36, 0.16, -0.42, 11 100000000 000
grown-up, 1.06, 1.35, -0.75, 1.37, 1.51, -0.4, 11 000000010 000
guard-football, 0.26, 2.22, 1.73, 0.33, 2.19, 2.13, 10 010010000 001
guest, 1.15, -0.37, -0.26, 1.71, 0.01, -0.18, 11 100000010 000
gun moll, -0.95, 0.12, 1.15, -0.9, 0.06, 1.66, 01 001000000 001
gunman, -2.16, 1.4, 1.58, -1.72, 1.81, 0.86, 10 001000000 001
guy, 0.81, 0.75, 0.77, 1.8, 1.0, 1.15, 10 100000000 000
hag, -1.51, -0.86, -1.06, -1.15, -0.52, -1.26, 01 100000000 000
half brother, 0.94, 0.41, 0.98, 1.37, 0.57, 1.5, 10 000000010 000
half sister, 0.56, -0.16, 0.75, 0.51, -0.07, 0.69, 01 000000010 000
half-wit, -1.17, -2.02, -0.7, -0.67, -1.28, 0.17, 11 100000000 000
halfback, 0.71, 1.6, 2.29, 0.5, 1.83, 2.21, 10 010010000 001
handicapped person, -0.11, -0.96, -0.84, 0.77, -0.95, -0.98, 11 001001000 000
handyman, 1.29, 0.04, -0.53, 1.43, 0.26, -0.46, 10 110000000 000
hanger-on, -0.76, -1.32, 0.24, -0.69, -1.01, -0.29, 11 100000000 000
harlot, -1.51, -0.84, 1.78, -1.26, -0.21, 2.21, 01 010000001 001
has-been, -0.55, -1.33, -1.23, -0.24, -0.97, -1.0, 11 010110000 000
he-man, -0.08, 1.94, 1.6, 0.33, 1.89, 1.68, 10 100000000 000
headwaiter, 0.65, 0.75, -0.27, 0.99, 1.16, -0.2, 10 010000000 000
heel, -1.38, -0.63, 0.95, -0.98, -0.19, 0.62, 11 100000000 000
henchman, -1.85, 0.49, 0.3, -1.41, 0.91, 0.5, 10 001000000 001
hermit, -0.05, -1.01, -1.9, -0.01, -0.98, -1.35, 11 100000000 000
hero, 1.98, 2.2, 0.96, 2.16, 2.42, 1.14, 10 100000000 000
heroine, 1.47, 0.61, 1.27, 1.58, 1.76, 1.55, 01 100000000 000
heterosexual, 1.65, 0.76, 0.37, 1.27, 0.43, 0.36, 11 000000001 000
hick, -0.86, -0.85, -0.13, -0.42, -0.8, 0.61, 11 100000000 000
highwayman, -0.86, 0.91, 0.74, -0.2, 0.85, 0.35, 10 001000000 001
hillbilly, -0.13, -0.34, -0.21, 0.1, -0.68, -0.09, 11 100000000 000
hippie, -0.43, -0.98, 1.49, -0.51, -0.49, 1.17, 11 100000000 000
hipster, -0.71, -0.7, 1.62, -0.23, 0.23, 0.84, 11 100000000 000
hobo, -0.66, -1.7, -1.07, -0.91, -1.89, -1.36, 11 100000000 000
homebody, 0.22, -0.74, -1.16, 0.19, -0.66, -0.92, 11 100000010 000
homo, -1.68, -1.18, 0.89, -1.14, -0.67, 0.48, 10 100000001 000
homosexual, -1.52, -0.79, 0.64, -0.82, -0.61, 0.07, 11 000000001 000
hood, -2.0, 0.5, 1.47, -2.17, 1.1, 1.34, 10 001000000 000
hoodlum, -2.35, 0.91, 1.53, -2.0, 0.18, 1.52, 10 001000000 000
hooker, -1.03, -0.54, 1.58, -1.75, -0.46, 2.12, 01 011000001 001
hooligan, -2.17, 0.07, 1.71, -0.93, -0.16, 1.35, 10 100000000 001
host, 1.2, 1.1, 0.28, 1.51, 1.18, 0.45, 10 100000000 000
hostage, -0.06, -1.94, -0.73, -0.34, -1.74, -0.39, 11 001100000 001
hostess, 1.44, 0.36, 0.38, 1.55, 0.59, 0.29, 01 100000000 000
hothead, -1.86, -0.2, 2.1, -1.27, 0.49, 1.72, 11 100000000 000
hotshot, -1.76, -0.27, 1.75, -1.48, 0.27, 1.58, 11 100000000 000
house guest, 0.93, -0.35, -0.37, 1.37, -0.07, -0.21, 11 000000010 000
housebreaker, -2.2, 0.05, 1.28, -2.13, 0.72, 1.55, 11 001000000 000
housekeeper, 0.77, -0.56, -0.86, 1.2, -0.22, -0.63, 11 010000010 000
housekeeper, 0.9, -0.47, -0.81, 1.31, -0.31, -0.38, 11 010000010 000
housemaid, 0.97, -0.6, -0.56, 1.14, -0.83, -0.76, 01 010000010 000
housewife, 1.07, -0.38, 0.41, 1.14, -0.24, 0.12, 01 000000010 000
hunchback, -0.43, -0.95, -1.57, 0.19, -0.88, -1.33, 11 000001000 000
husband, 1.18, 1.59, 0.62, 2.27, 1.36, 0.93, 10 000000011 001
hussy, -1.25, -0.38, 1.49, -1.21, -0.17, 1.78, 01 000000001 001
hypochondriac, -1.46, -1.91, -0.57, -1.02, -0.88, -0.66, 11 000001000 000
hypocrite, -2.46, -1.85, 0.12, -1.92, -0.61, 0.29, 11 100000000 000
idiot, -0.98, -1.75, -0.19, -0.74, -1.5, -0.16, 11 100000000 000
ignoramus, -1.55, -1.16, -0.3, -1.35, -1.31, 0.27, 11 100010000 000
imbecile, -1.42, -1.59, -0.1, -0.71, -1.66, -0.59, 11 100000000 000
imp, -0.44, -1.27, 1.39, -0.6, -1.29, 1.91, 11 100000000 000
in-law, 0.74, 0.39, -0.37, 1.21, 0.34, -0.48, 11 000000010 000
infant, 1.22, -3.07, 2.6, 2.22, -2.1, 1.83, 11 000001010 001
informant, -1.04, 0.1, 0.51, -0.07, 0.4, 0.46, 11 001100000 000
informer, -1.55, -0.53, 0.32, -0.99, 0.19, 0.21, 11 001000000 000
inmate, -1.24, -1.27, 0.18, -1.2, -0.67, -0.19, 11 001000000 001
innocent, 1.1, -0.8, 0.32, 1.61, -0.58, -0.01, 11 100000000 000
insider, 0.48, 0.63, 0.1, 0.46, 1.1, 0.69, 11 010100000 000
inspector, 0.57, 1.57, -0.49, 0.45, 1.46, 0.38, 11 001000000 001
instructor, 0.8, 1.44, 0.14, 0.87, 1.33, -0.13, 11 000010000 000
insurance agent, -0.22, 0.09, 0.63, 0.04, 0.57, 0.46, 11 010000000 000
intern, 1.07, 0.15, 1.1, 1.51, 0.14, 0.97, 11 000001000 001
intimate, 1.53, 0.92, 0.11, 2.13, 1.29, -0.36, 11 000000001 001
introvert, -0.53, -1.36, -1.57, -0.08, -1.22, -1.3, 11 100000000 000
invalid, -0.57, -2.31, -1.36, 0.07, -1.42, -1.31, 11 000001000 001
jackass, -1.74, -1.02, 0.98, -1.7, -0.84, 1.19, 11 100000000 000
janitor, 0.86, -0.9, -1.27, 0.63, -1.03, -1.23, 11 010000000 000
jerk, -2.05, -1.08, 1.21, -1.84, -1.19, 1.52, 11 100000000 000
jeweler, 0.51, 0.23, -0.54, 0.89, 0.5, -0.17, 11 010000000 000
jock, 0.23, 1.37, 1.97, 0.47, 1.96, 2.44, 11 000010000 000
judge, 0.9, 2.35, -1.72, 0.99, 2.81, -1.15, 11 001000000 000
junkie, -2.34, -2.05, 0.96, -2.02, -1.32, 1.49, 11 101000000 000
juror, 0.73, 1.38, -0.66, 0.88, 1.82, -0.42, 11 001000000 001
juvenile, -0.72, -0.71, 2.17, 0.27, -0.57, 1.81, 11 001000010 000
kid, 0.56, -0.66, 2.36, 0.79, -0.53, 2.18, 11 100000000 000
killjoy, -1.63, 0.19, -0.28, -1.23, 0.35, 0.0, 11 100000000 000
klutz, -0.72, -1.47, 0.32, -0.24, -1.18, 0.24, 11 100000000 000
kook, -0.53, -1.0, 0.98, 0.33, -0.34, 0.85, 11 100000000 000
lad, 1.06, -0.45, 2.05, 0.92, -0.24, 1.83, 10 100000000 000
lady, 1.7, 0.3, -0.02, 1.73, 0.32, -0.27, 01 100000000 000
lady-killer, -0.63, 0.91, 1.48, -1.46, 1.34, 1.66, 10 000000001 000
landlady, 0.25, 0.7, -0.89, 0.42, 0.71, -0.54, 01 010000000 000
landlord, -0.21, 0.96, -0.97, 0.47, 0.97, -0.69, 10 010000000 000
lass, 1.69, -0.85, 1.45, 1.18, -0.38, 1.35, 01 100000000 000
law-breaker, -1.95, -0.19, 0.83, -1.83, 0.27, 0.34, 11 001000000 000
lawyer, 0.85, 1.56, 0.05, 1.28, 1.8, 0.37, 11 001000000 000
lecher, -2.2, -1.47, -0.05, -1.97, 0.26, -0.32, 10 000000001 000
lesbian, -1.29, -0.14, 0.89, -1.66, -0.56, 0.71, 01 000000001 000
liar, -2.22, -1.05, 0.91, -2.7, -0.47, 0.81, 11 100000000 000
librarian, 0.39, 0.18, -1.54, 0.9, -0.13, -0.88, 11 000010000 000
library assistant, 0.66, -0.58, -0.61, 1.44, -0.04, -1.7, 11 000010000 000
lifer, -1.05, -1.04, -0.61, -0.48, -0.59, 0.21, 11 001000000 000
linebacker, 0.15, 2.06, 1.92, 0.59, 2.0, 2.25, 10 010010000 001
lineman, 0.46, 2.07, 1.5, 0.49, 2.17, 2.06, 10 010010000 001
loafer, -1.55, -1.82, -1.29, -1.28, -1.33, -0.86, 11 110000000 000
loan shark, -2.0, 0.95, 0.95, -1.97, 1.79, 1.06, 11 010000000 000
lodger, 0.71, -0.19, -0.12, 0.45, -0.07, -0.05, 11 010000000 000
loner, 0.03, -0.2, -1.19, 0.62, -0.26, -1.38, 11 100000000 000
longshoreman, -0.13, 1.19, 0.81, 0.66, 0.85, 0.22, 11 010000000 000
look-out, 0.49, 0.48, 0.6, 0.31, 0.81, 0.73, 11 101000000 000
louse, -1.88, -1.04, 0.28, -1.53, -0.38, -0.15, 11 100000000 000
lout, -1.86, -0.9, 0.44, -1.35, -0.4, -0.15, 11 100000000 000
lover, 1.84, 1.51, 0.89, 2.71, 2.03, 0.59, 11 000000001 001
lunatic, -1.97, -0.61, 1.33, -1.08, -0.64, 0.76, 11 100001000 000
lush, -0.94, -1.35, 0.52, -0.95, -0.96, 0.48, 11 100000000 000
madman, -2.04, 0.3, 0.54, -1.81, 0.93, 0.74, 10 100001000 000
mafioso, -1.78, 2.09, 0.31, -1.57, 1.8, 0.21, 10 011000000 000
magician, 1.09, 0.72, 1.1, 0.97, 1.01, 0.94, 11 010000100 000
maid, 0.58, -0.79, -0.39, 0.68, -1.28, -0.27, 01 010000000 000
maiden, 1.64, -1.14, 1.08, 1.32, -0.71, 0.32, 01 100000000 000
mail carrier, 0.94, -0.01, -0.49, 1.41, 0.09, -0.19, 11 010000000 000
mailman, 1.26, -0.08, -0.75, 1.73, 0.16, -0.4, 10 010000000 000
man, 1.08, 1.07, 0.56, 1.39, 1.01, 0.63, 10 100000001 000
manager, 0.59, 1.32, 0.14, 0.88, 1.25, 0.0, 11 010000000 000
maniac, -1.98, 0.4, 1.82, -1.58, -0.23, 1.32, 11 100001000 001
mastermind, 0.51, 1.91, 0.14, 1.06, 1.71, 0.21, 11 001100000 000
mate, 2.26, 1.28, 1.16, 2.56, 1.08, 0.78, 11 100000001 001
maverick, 0.64, 1.18, 1.97, -0.03, 0.97, 1.59, 11 100000000 000
medic, 1.6, 1.25, 0.67, 1.7, 1.47, 0.38, 11 000001000 000
midget, 0.14, -1.23, 0.37, 0.47, -0.99, 0.32, 11 100000000 000
miner, 0.06, 0.27, 0.3, 0.13, 0.31, 0.17, 10 010000000 000
minister, 1.24, 1.52, -0.48, 2.14, 1.66, -0.28, 11 000000100 000
minor, 0.37, -1.04, 1.68, 0.05, -0.61, 2.04, 11 001000000 000
miser, -1.91, -0.23, -1.44, -1.45, 0.01, -1.05, 11 100000000 000
miss, 0.8, -0.35, 1.26, 1.0, -0.04, 0.66, 01 100000001 000
mistress, -0.22, -0.73, 1.19, -1.05, -0.35, 0.82, 01 000000001 001
mobster, -2.23, 1.83, 0.95, -2.34, 1.92, 1.44, 10 011000000 000
moron, -1.55, -1.83, -0.29, -1.16, -1.66, 0.13, 11 100000000 000
mother, 2.52, 1.5, -0.13, 2.33, 1.9, 0.04, 01 000000010 001
mother (my), 2.52, 1.54, 0.16, 2.44, 1.13, 0.3, 01 000000010 000
mourner, -0.77, -1.23, -1.44, 0.03, -1.21, -1.31, 11 000000100 100
mouthpiece, -0.52, -0.48, 0.56, 0.0, 0.02, 0.24, 11 001000000 000
mugger, -2.88, 0.34, 1.79, -2.1, 1.0, 1.5, 10 001000000 001
musician, 1.01, 0.28, 0.53, 1.48, 0.55, 0.2, 11 010010000 000
myself as I really am, 1.98, 1.23, 1.33, 1.58, 0.28, 1.34, 11 100000000 110
I myself as others see me, 1.41, 1.38, 1.43, 1.6, 0.33, 1.41, 11 100000000 101
nark, -0.47, 1.23, 0.92, -0.98, 0.84, 0.54, 11 001000000 000
neighbor, 1.46, 0.31, -0.05, 1.85, 0.71, 0.25, 11 100000000 000
nephew, 0.85, -0.3, 1.11, 0.6, -0.32, 1.64, 10 000000010 000
neurotic, -1.39, -1.09, 0.19, -1.13, -1.39, 0.39, 11 000001000 000
newcomer, 0.77, -0.74, 0.31, 1.08, -0.9, 0.22, 11 100000000 000
newsboy, 0.6, -1.32, 1.62, 0.63, -0.94, 1.53, 10 010000000 000
niece, 1.31, -0.6, 1.33, 1.71, -0.47, 1.35, 01 000000010 000
night watchman, 0.54, -0.01, -1.09, 0.62, 0.56, -0.93, 10 011000000 000
ninny, -0.98, -1.03, -0.07, -0.53, -0.69, -0.12, 11 100000000 000
nitwit, -1.32, -1.57, 0.57, -0.47, -1.71, -0.01, 11 100000000 000
nobody, -0.64, -2.0, -1.35, -0.03, -1.41, -0.9, 11 100000000 000
nonconformist, 0.8, 0.6, 1.46, 0.18, 0.9, 1.26, 11 100000000 000
novice, 0.48, -0.73, 1.23, 0.29, -0.71, 1.09, 11 010100100 000
numbskull, -0.95, -1.96, 0.12, -0.74, -1.49, -0.39, 11 100000000 000
nurse, 1.73, 1.17, -0.09, 2.53, 1.01, 0.05, 11 000001000 001
nursemaid, 1.21, 0.27, -0.9, 1.18, 0.52, -1.15, 01 000000010 001
nut, -0.26, -0.69, 0.92, 0.71, 0.19, 1.53, 11 100000000 000
nymph, 1.1, -0.47, 1.82, -0.04, -0.68, 1.31, 01 000000001 000
oddball, -0.41, -0.63, -0.02, -0.17, -0.64, -0.03, 11 100000000 000
ogre, -2.28, 1.99, 0.4, -2.07, 1.58, -0.29, 11 100000000 000
old fogy, -0.86, -1.1, -2.06, -0.39, -0.27, -2.12, 11 100000000 000
old maid, 0.42, -1.19, -1.87, 0.35, -0.62, -1.59, 01 000000010 000
old-timer, 1.28, -0.82, -1.9, 1.53, -0.4, -2.03, 11 100000000 100
onlooker, -0.15, -1.64, -1.01, 0.18, -0.76, -0.51, 11 100000001 000
orphan, -0.63, -1.3, 1.4, 0.64, -1.33, 0.62, 11 000000010 000
outlaw, -1.92, 0.98, 1.42, -1.94, 0.81, 0.7, 11 001000000 000
outpatient, 0.3, -0.84, -0.84, 0.44, -0.4, -0.31, 11 000001000 000
outsider, -0.35, -1.09, -0.13, -0.02, -0.17, 0.16, 11 100000000 000
pal, 2.14, 1.2, 1.11, 2.43, 0.83, 1.16, 11 100000000 000
palm reader, -0.61, -0.86, -0.82, -0.55, -0.25, -0.7, 11 010000000 000
pansy, -1.37, -2.11, 0.25, -0.88, -1.3, -0.11, 10 000000001 000
paranoid, -1.76, -1.47, 0.36, -1.28, -1.47, -0.41, 11 100001000 000
parent, 1.79, 1.94, -0.83, 2.55, 2.35, -0.45, 11 000000010 001
parking attendant, -0.01, -0.65, -0.13, 0.48, 0.02, -0.26, 11 010000000 000
patient, 0.07, -1.72, -0.78, 0.26, -1.55, -0.97, 11 000001000 001
patrolman, 0.78, 1.31, 0.58, 0.64, 1.51, 0.91, 11 001000000 001
pawnbroker, -0.31, -0.16, -0.52, -0.19, 0.45, -0.19, 11 010000000 000
peeping tom, -1.98, -1.09, 0.6, -2.18, -0.82, 1.29, 10 001000001 000
pest, -1.94, -0.7, 1.65, -1.61, -0.32, 1.88, 11 100000000 000
phony, -2.09, -1.87, 0.68, -2.06, -0.98, 0.28, 11 100000000 000
photographer, 1.05, 0.57, 0.7, 0.94, 0.33, 0.58, 11 010000000 000
physician, 1.9, 1.85, -0.36, 1.57, 1.68, -0.46, 11 000001000 001
pickpocket, -2.23, -0.85, 1.52, -2.01, -0.14, 0.82, 11 001000000 000
pickup, -0.1, -0.38, 1.26, -0.85, -0.43, 1.02, 11 000000001 000
pimp, -2.09, 0.5, 1.4, -2.2, 1.24, 1.6, 10 011000001 000
pinhead, -1.59, -1.7, 0.75, -0.86, -1.04, 0.2, 11 100000000 000
pipsqueak, -1.05, -2.02, 0.91, -0.76, -1.52, 0.32, 11 100000000 000
plainclothesman, 0.34, 0.95, -0.12, 0.88, 0.59, 0.27, 11 001000000 000
playboy, 0.48, 0.82, 1.79, -0.48, 0.42, 2.25, 10 100000001 000
playmate, 1.91, 0.47, 1.97, 2.08, 0.26, 1.62, 11 100000000 000
plumber, 0.55, 0.09, -0.24, 0.81, 0.2, -0.39, 11 010000000 000
policeman, 0.65, 1.48, -0.01, 0.95, 1.44, 0.69, 10 001000000 001
porno star, -0.62, -0.19, 2.0, -0.99, -0.25, 2.09, 11 010000001 001
postmaster, 0.94, 0.33, -0.72, 1.63, 0.1, -0.78, 11 010000000 000
pothead, -0.84, -1.18, 0.99, -0.64, -0.79, 1.13, 11 100000000 000
practical nurse, 1.23, 0.64, 0.0, 1.4, 0.69, -0.13, 11 000001000 001
prey, -0.65, -1.14, 0.14, -0.35, -0.6, 0.41, 11 100000000 001
principal, 0.55, 1.13, -0.76, 0.98, 1.47, -0.87, 11 000010000 000
prisoner, -1.44, -1.32, 0.23, -1.33, -0.76, 0.17, 11 001000000 000
probation officer, 0.63, 1.14, -0.16, 0.6, 1.41, 0.31, 11 001000000 000
probationer, 0.61, 0.81, -0.22, 0.37, 1.71, -0.44, 11 001000000 000
proctor, -0.34, 0.95, -0.85, 0.12, 1.07, -0.35, 11 000010000 000
prodigy, 1.55, 1.05, 1.18, 1.63, 1.03, 0.9, 11 000010000 000
professor, 1.16, 1.16, -0.56, 0.95, 1.12, -0.57, 11 000010000 000
prosecuting attorney, -0.35, 1.87, 0.57, 0.12, 1.61, 0.22, 11 001000000 001
prostitute, -0.99, -0.77, 1.58, -1.35, -1.07, 1.47, 01 010000001 001
prude, -1.19, -0.89, -1.5, -0.31, -0.42, -0.57, 11 000000001 000
psychiatrist, 1.04, 1.37, -0.52, 1.01, 1.24, -0.36, 11 000001000 000
psychoanalyst, 0.55, 1.08, -0.86, 1.0, 0.97, -0.5, 11 000001000 000
psychologist, 0.67, 0.86, -0.55, 0.88, 1.21, -0.24, 11 000011000 000
psychopath, -2.02, 0.08, 1.3, -1.76, -0.06, 1.44, 11 001001000 000
psychotic, -1.87, -0.84, 0.87, -1.38, -0.43, 0.11, 11 000001000 000
punk, -1.86, -1.57, 1.58, -1.11, -1.0, 1.52, 10 100000000 000
pupil, 0.83, -0.78, 1.5, 0.78, -0.74, 1.68, 11 000010000 000
puritan, -0.21, -0.05, -0.97, 0.46, 0.4, -0.75, 11 000000101 000
pusher, -2.95, 0.58, 1.2, -2.59, 1.63, 1.33, 11 101000000 000
quack, -1.8, -0.74, 0.22, -1.39, -0.41, 0.49, 11 000001000 000
quarterback, 0.7, 1.23, 1.93, 0.59, 1.98, 2.43, 10 010010000 001
queer, -1.67, -1.23, 0.47, -1.51, -1.0, 0.58, 11 000000001 000
racketeer, -1.66, 1.76, 1.5, -0.85, 1.72, 1.04, 11 011000000 000
railroad conductor, 0.9, 0.5, -0.2, 0.73, 0.26, -0.36, 11 010000000 000
rascal, -0.55, -0.18, 2.13, -0.5, 0.28, 2.54, 11 100000000 000
rat, -1.75, -0.64, 0.85, -1.54, -0.28, 1.48, 11 100000000 000
rattlebrain, -0.8, -1.45, 0.45, -0.59, -1.13, 0.69, 11 100000000 000
real estate agent, -0.13, 0.54, 0.44, 0.14, 1.04, 1.06, 11 010000000 000
receptionist, 1.03, -0.5, 0.11, 0.77, -0.37, 0.3, 11 011001000 000
referee, 0.33, 1.83, 0.46, 0.4, 1.35, 0.79, 11 010010000 001
registered nurse, 1.56, 0.98, -0.06, 2.0, 0.92, 0.29, 11 000001000 001
relation, 1.34, 1.06, -0.06, 1.39, 0.5, -0.24, 11 000000010 000
reporter, 0.0, 1.09, 1.96, 0.32, 1.1, 2.06, 11 010100000 000
retardate, -0.55, -1.57, -0.34, -0.13, -1.14, -0.28, 11 000001000 000
ringleader, 0.01, 1.86, 1.0, -0.38, 2.16, 1.3, 11 001000000 000
rival, -0.73, 1.51, 1.62, -0.56, 1.26, 1.13, 11 100100001 000
rogue, -1.62, -0.13, 1.56, -0.55, 0.65, 1.53, 10 100000000 000
rookie cop, 0.65, -0.07, 1.55, 1.11, -0.13, 1.71, 11 001000000 001
roomer, 0.36, -0.27, 0.38, 0.5, -0.18, 0.32, 11 010000000 000
roommate, 0.38, 0.28, 1.2, 1.15, 0.19, 1.02, 11 000010000 000
roughneck, -1.83, 1.25, 2.09, -1.72, 1.28, 1.9, 11 100000000 000
rowdy, -0.68, 0.34, 1.89, -0.77, 0.29, 1.61, 11 100000000 000
ruffian, -1.69, 0.63, 1.84, -1.56, 0.82, 2.04, 11 100000000 000
runaway, -0.74, -1.04, 1.51, -0.34, -0.83, 1.17, 11 001000010 000
safecracker, -1.22, 0.8, 0.79, -1.41, 0.61, 0.64, 11 001000000 000
salesclerk, 0.32, -0.37, -0.11, 0.81, -0.17, 0.15, 11 010000000 000
salesgirl, 0.76, -0.48, 1.19, 0.8, -0.39, 1.11, 01 010000000 000
saleslady, 0.81, -0.52, -0.31, 0.71, -0.31, -0.2, 01 010000000 000
salesman, -0.4, -0.2, 0.92, 0.28, 0.62, 1.49, 10 010000000 000
saleswoman, 0.12, -0.06, 0.0, 0.89, 0.24, 0.55, 01 010000000 000
saloon-keeper, 0.55, 0.67, 0.21, 0.25, 0.51, 0.19, 11 010000000 000
saphead, -1.16, -1.27, -0.33, -0.58, -0.9, 0.14, 11 100000000 000
scamp, -0.45, -0.78, 1.21, -1.1, -0.45, 1.22, 11 100000000 000
scapegoat, -0.83, -1.71, 0.14, -0.63, -1.12, -0.07, 11 100100000 000
scatterbrain, -0.5, -1.17, 0.83, -0.62, -1.42, 0.67, 11 100000000 000
scholar, 1.56, 0.83, -0.34, 1.35, 0.71, 0.13, 11 000010000 000
schoolboy, 0.68, -0.94, 1.94, 0.86, -0.76, 2.05, 10 000010000 000
schoolgirl, 1.18, -0.85, 1.98, 1.19, -0.53, 1.55, 01 000010000 000
schoolmate, 1.26, 0.29, 1.53, 1.76, 0.43, 1.33, 11 000010000 000
schoolteacher, 1.34, 1.51, 0.06, 0.94, 1.15, 0.09, 11 000010000 000
scoundrel, -2.06, -0.5, 0.69, -1.78, -0.27, 0.5, 11 100000000 000
scoutmaster, 1.36, 1.06, -0.21, 1.45, 1.31, 0.08, 10 100000000 000
screwball, -0.69, -0.75, 0.93, -0.39, -0.56, 0.9, 11 100000000 000
scrooge, -1.99, 0.31, -2.0, -1.6, 0.01, -1.65, 11 110000000 000
secretary, 1.12, -0.38, 0.93, 0.78, -0.57, 0.69, 11 011100000 000
secretary, 0.94, -0.09, 0.61, 0.93, -0.18, 0.39, 11 011100000 000
senior, 1.38, 1.46, 0.3, 1.58, 1.05, 0.8, 11 000010000 000
servant, 0.26, -0.89, -0.7, 1.17, -1.0, -0.88, 11 010000000 000
sexpot, -0.34, -0.11, 1.97, -0.48, 0.18, 2.14, 01 000000001 000
sharpie, -0.11, 0.83, 1.34, 0.13, 1.01, 0.93, 11 100000000 000
sheriff, 0.44, 1.94, 0.08, 0.76, 1.86, -0.35, 11 001000000 001
shoe repairman, 0.68, -0.63, -1.02, 0.57, -0.31, -0.91, 11 010000000 000
shoplifter, -2.02, -1.28, 1.55, -1.93, -0.78, 1.46, 11 011000000 000
shrew, -1.69, 0.15, 0.01, -0.73, -0.01, -0.33, 01 100000000 000
shrimp, -0.16, -2.47, -0.34, 0.16, -1.63, -0.32, 11 100000000 000
shut-in, -0.05, -1.83, -1.15, -0.3, -2.02, -1.98, 11 000001010 000
shyster, -1.22, -0.04, 0.42, -1.3, 0.51, -0.25, 11 001000000 000
sibling, 1.57, 0.47, 1.69, 1.7, -0.36, 1.93, 11 000000010 000
sidekick, 0.7, -0.5, 1.01, 0.76, -0.08, 0.79, 11 100000000 000
simpleton, -0.4, -1.44, 0.11, 0.2, -0.89, -0.22, 11 100000000 000
sinner, -1.65, -0.82, 1.05, -1.15, -0.79, 0.57, 11 000000100 000
sissy, -1.4, -2.05, 0.17, -0.9, -1.42, 0.04, 11 100000000 000
sister, 1.55, 0.41, 1.59, 1.91, 0.69, 1.47, 01 000000010 000
sister (my), 1.9, 0.03, 1.28, 2.45, 0.83, 1.34, 01 000000010 000
sister-in-law, 0.86, -0.19, 0.76, 1.12, -0.01, 0.57, 01 000000010 000
skeptic, -0.64, -0.32, 0.1, -0.4, -0.36, -0.03, 11 100110100 000
slave, -1.73, -2.39, 0.09, -0.79, -1.81, -0.07, 11 010100001 101
slave driver, -2.37, 1.8, 1.39, -2.73, 2.64, 1.22, 11 010100000 001
sleuth, 0.47, 1.19, 0.19, 0.24, 0.79, 0.33, 11 001000000 000
slob, -1.45, -0.99, 0.32, -1.83, -1.61, -0.62, 11 100000000 000
sluggard, -1.18, -0.54, -0.22, -1.12, -0.23, -0.07, 11 100000000 000
slut, -1.81, -1.18, 1.81, -2.03, -0.53, 1.18, 01 000000001 001
smart aleck, -1.59, -0.94, 1.67, -1.6, -0.75, 1.58, 11 100000000 000
sneak, -1.88, -0.79, 0.73, -1.7, -0.31, 0.37, 11 100000000 000
snob, -2.3, -0.23, -0.24, -1.98, 0.15, 0.26, 11 100000000 000
snoop, -1.79, -0.6, -0.38, -1.77, -0.33, 0.53, 11 100000000 000
snot, -1.93, -1.2, 1.28, -1.74, -0.01, 1.04, 11 100000000 000
social worker, 1.18, 0.34, 0.99, 1.77, 0.96, 0.39, 11 001001000 000
son, 1.67, 0.08, 1.76, 1.55, 0.57, 1.79, 10 000000010 000
son-in-law, 1.12, 0.66, 1.13, 1.88, 0.86, 1.35, 10 000000010 000
sophisticate, 0.36, 0.8, -0.21, 0.13, 0.75, 0.72, 11 100000001 000
sophomore, 1.02, -0.31, 1.67, 0.55, 0.09, 1.14, 11 000010000 000
sorehead, -1.47, -0.7, 0.64, -1.43, -0.53, 0.88, 11 100000000 000
specialist, 1.24, 1.54, -0.42, 1.48, 2.05, 0.04, 11 011011000 000
spectator, 0.56, -0.82, 0.6, 0.84, -0.15, 1.16, 11 110000000 000
speeder, -0.94, -0.01, 2.1, -0.83, 0.24, 2.04, 11 001000000 000
spendthrift, -0.38, -0.35, 0.35, -0.34, 0.09, 0.23, 11 010000000 000
spinster, -0.38, -1.07, -0.99, 0.2, -0.51, -1.26, 01 000000010 000
spoilsport, -1.56, -0.55, 0.31, -1.47, -0.82, 0.73, 11 100000000 000
sponger, -1.57, -1.29, 0.9, -1.03, -0.68, 0.12, 11 100000000 000
spouse, 1.82, 0.87, 0.72, 1.96, 1.23, 1.04, 11 000000011 000
spy, -0.32, 1.27, 0.56, -0.15, 1.34, 0.94, 11 000100000 000
square, -0.62, -0.68, -0.71, 0.17, -0.44, -0.77, 11 100000000 000
squirt, -0.95, -1.92, 1.56, -0.36, -1.26, 0.77, 11 100000000 000
star, 0.63, 1.71, 1.36, 0.57, 1.74, 1.38, 11 010010000 000
starlet, 0.7, 0.28, 1.97, 0.41, -0.05, 1.87, 01 010000000 000
state trooper, 0.18, 1.68, 0.41, 0.57, 1.8, 0.88, 11 001000000 001
statistician, -0.05, -0.4, -0.62, 0.37, 0.79, -0.24, 11 010010000 000
stenographer, 0.34, -0.63, -0.25, 0.46, -0.33, 0.31, 11 011000000 000
stepbrother, 0.28, 0.11, 0.79, 0.72, 0.29, 0.49, 10 000000010 000
stepdaughter, 0.27, -0.31, 1.31, 0.3, -0.34, 0.89, 01 000000010 000
stepfather, -0.04, 0.71, -0.75, -0.1, 0.84, -0.31, 10 000000010 000
stepmother, 0.13, 0.39, -0.54, 0.2, 0.57, -0.2, 01 000000010 000
stepsister, 0.66, -0.39, 1.0, 0.66, -0.15, 0.41, 01 000000010 000
stepson, 0.55, 0.02, 1.4, 0.76, -0.01, 0.83, 10 000000010 000
stewardess, 1.36, 0.11, 1.34, 1.29, 0.38, 1.24, 11 010000000 001
stool pigeon, -2.0, -0.89, 0.83, -1.03, -0.63, -0.07, 11 001000000 000
storyteller, 1.21, 0.29, -0.47, 1.73, 0.37, -0.5, 11 100000000 000
straight, 0.64, 0.3, 0.19, 0.71, 0.19, -0.13, 11 000000001 001
stranger, -0.06, -0.16, -0.14, 0.25, 0.01, 0.02, 11 100000000 000
street musician, 1.23, -0.45, 1.01, 1.54, -0.34, 0.61, 11 010000000 000
streetwalker, -0.73, -0.81, 0.93, -1.04, -0.48, 1.04, 01 011000001 001
stripper, -0.33, -0.58, 2.22, -0.88, -0.66, 2.56, 01 010000001 000
student, 1.35, -0.12, 2.1, 1.17, -0.1, 1.67, 11 000010000 000
stuffed shirt, -1.57, -0.65, -0.36, -1.31, -0.06, -0.3, 11 100000000 000
subordinate, 0.22, -1.04, 0.02, 0.29, -0.74, 0.02, 11 011100000 000
sucker, -1.03, -1.88, 0.33, -0.69, -1.6, -0.18, 11 100000000 000
superior, 0.38, 1.94, -0.54, 0.59, 1.71, -0.48, 11 011100100 000
superstar, 1.12, 2.25, 1.84, 0.85, 1.71, 1.71, 11 110000000 000
supervisor, 0.1, 1.77, -0.4, 0.41, 1.78, -0.37, 11 011111100 000
surgeon, 1.81, 2.09, -0.2, 1.64, 1.89, -0.25, 11 000001000 001
suspect, -0.53, -0.71, 0.4, -0.64, -0.41, 0.03, 11 001000000 000
sweetheart, 2.21, 0.84, 1.12, 2.85, 1.47, 1.28, 11 000000001 000
swinger, 0.3, 0.42, 2.46, 0.4, 0.33, 2.5, 11 000000001 001
tackle, 0.41, 2.25, 2.13, 0.77, 2.59, 2.24, 10 010010000 001
tailor, 1.0, -0.76, -1.13, 0.88, -0.38, -0.95, 11 010000000 000
taxi driver, 0.4, -0.61, 0.45, 0.11, 0.06, 0.34, 11 010000000 000
teacher, 0.93, 1.22, 0.03, 1.28, 1.21, -0.28, 11 000010000 000
teammate, 1.45, 1.22, 1.42, 1.33, 1.13, 1.51, 11 010111000 001
tease, -1.43, -0.11, 1.69, -0.67, -0.05, 1.84, 11 100000001 000
technician, 0.79, 0.63, 0.38, 1.08, 0.86, 0.44, 11 010001000 000
teenybopper, 0.13, -1.2, 2.63, 0.6, -0.38, 2.46, 01 100000000 000
teetotaler, 0.05, -0.01, -0.66, 0.25, -0.15, 0.08, 11 100000000 000
telephone operator, 0.39, 0.22, 0.19, 0.48, 0.04, 0.64, 11 010000000 000
tenant, 0.62, -0.97, -0.52, 0.48, -0.52, 0.09, 11 010000000 000
textile worker, -0.03, -0.8, -0.36, 0.7, -0.38, -0.13, 11 010000000 000
thief, -2.41, 0.35, 0.76, -2.67, 0.53, 0.65, 11 011000000 000
thug, -2.36, 0.99, 1.11, -1.92, 0.8, 0.43, 11 101000000 001
tightwad, -1.23, 0.27, -1.22, -1.05, -0.21, -0.66, 11 110000000 000
tomboy, 0.63, 0.44, 2.08, 0.71, 0.58, 2.19, 01 100000000 000
topless dancer, 0.0, -0.36, 2.62, -0.74, -0.16, 2.31, 01 010000001 000
tot, 1.08, -2.21, 2.31, 1.37, -1.39, 2.52, 11 000000010 001
tough, -1.2, 1.88, 1.83, -1.17, 1.24, 1.76, 10 100000000 100
townsman, 0.6, 0.2, -0.71, 0.57, 0.55, -0.43, 11 000100000 000
trainee, 0.51, -1.02, 0.65, 0.67, -1.01, 0.45, 11 011111100 000
traitor, -2.85, -0.59, 0.32, -2.27, 0.45, 0.65, 11 100100000 000
tramp, -1.16, -1.45, -0.59, -1.19, -0.64, 0.38, 11 100000000 000
troublemaker, -2.17, 0.29, 1.54, -2.09, 0.34, 1.71, 11 100000000 000
truant, -0.93, -0.37, 1.38, -1.01, 0.08, 0.55, 11 000010000 000
truck driver, 0.23, 0.54, 0.86, 0.74, 0.78, 1.27, 11 010000000 000
truelove, 2.41, 1.44, 0.95, 2.91, 2.03, 0.38, 11 000000001 000
turncoat, -2.07, -0.77, 0.07, -1.77, 0.09, 0.44, 11 100100000 000
tutor, 1.05, 0.91, -0.46, 1.4, 1.05, -0.23, 11 000010000 000
tv repairman, 0.86, 0.11, -0.04, 0.86, 0.65, -0.02, 11 010000000 000
typist, 0.69, -0.65, 1.01, 0.58, -0.56, 0.59, 11 011011000 000
uncle, 1.55, 0.98, -0.45, 1.11, 0.66, -0.34, 10 000000010 000
underdog, 0.87, -0.63, 0.38, 0.35, -1.02, 0.06, 11 100100000 000
undergraduate, 0.82, -0.65, 1.75, 1.05, -0.82, 1.45, 11 000010000 000
undertaker, -0.63, -0.09, -1.63, 0.09, -0.01, -1.11, 11 010000000 000
urchin, -0.3, -1.05, 0.38, -0.2, -0.52, 0.19, 11 100000010 000
v.i.p., 0.48, 1.84, -0.47, 0.29, 1.86, -0.18, 11 011100000 000
vagabond, -0.98, -1.36, -0.49, -0.62, -0.86, -0.62, 11 100000000 000
vagrant, -1.55, -1.76, -0.47, -0.84, -1.45, -0.27, 11 110000000 000
vamp, -0.72, -0.06, 1.32, -1.02, -0.09, 1.16, 01 000000001 000
vampire, -2.17, 1.55, -0.57, -1.84, 1.78, 0.74, 11 100000001 001
vandal, -2.47, -0.08, 1.62, -2.42, 0.47, 1.45, 11 011000000 000
veterinarian, 1.63, 1.02, -0.3, 1.89, 1.2, 0.1, 11 000001000 000
victim, -0.31, -1.86, -0.42, 0.11, -1.8, -0.64, 11 101000001 000
vigilante, -1.9, 0.63, 0.94, -1.22, 0.95, 1.16, 11 001000000 001
villain, -2.14, 0.96, 0.85, -2.28, 1.25, 1.04, 11 001000000 000
virgin, 0.65, -0.47, 0.43, 0.93, 0.44, 0.18, 01 000000001 000
visitor, 1.39, 0.44, -0.08, 1.07, -0.22, 0.01, 11 100000000 000
vixen, -0.17, 0.13, 1.56, -0.15, 0.28, 1.48, 01 100000001 000
wage earner, 1.0, 0.02, -0.06, 0.84, -0.44, -0.15, 11 010000000 000
waif, 0.08, -1.96, 1.12, 0.33, -1.18, 0.35, 11 100000000 000
waiter, 0.77, -0.33, 0.22, 1.0, -0.07, 0.77, 11 010000000 000
waiter, 0.54, -0.41, -0.17, 0.71, 0.1, 0.13, 11 010000000 000
waitress, 1.06, -0.39, 0.81, 0.93, -0.25, 0.44, 01 010000000 000
wallflower, -0.59, -1.81, -0.92, -0.38, -1.51, -1.04, 01 100000000 000
warden, -0.05, 1.78, -0.66, -0.07, 1.79, -0.41, 11 001000000 000
watchman, 1.11, -0.16, -1.26, 1.18, 0.65, -0.82, 10 011000000 000
weakling, -1.02, -2.2, -0.69, -0.06, -2.01, -0.56, 11 100000000 000
weirdo, -1.26, -0.66, 0.86, -0.97, -0.63, -0.12, 11 100000000 000
welder, 0.45, 0.73, 0.71, 0.84, 0.42, 0.35, 11 010000000 000
wench, -0.7, -0.64, 0.74, -1.01, -0.28, 1.11, 01 100000001 000
whiz kid, 0.91, 1.23, 1.8, 1.06, 1.19, 0.83, 11 000010000 000
whore, -1.05, -1.39, 1.98, -2.0, -0.68, 1.66, 01 011000001 001
widow, 0.17, -0.86, -1.21, 1.02, -0.7, -1.08, 01 000000010 000
widower, 0.42, -0.3, -1.19, 0.71, -0.33, -1.34, 10 000000010 000
wife, 2.32, 1.17, 1.06, 1.67, 0.88, 0.97, 01 000000011 001
windbag, -1.37, -0.67, 0.41, -1.04, -0.84, 0.07, 11 100000000 000
winner, 1.54, 2.15, 1.65, 1.18, 2.16, 1.45, 11 100100000 000
wino, -1.54, -2.28, -1.54, -1.41, -1.8, -1.05, 11 100000000 000
wit, 1.27, 0.61, 1.18, 1.33, 0.59, 1.21, 11 100000000 000
witch, -1.71, 1.13, -0.41, -1.43, 1.07, -0.1, 01 100000000 000
witness, 0.63, 1.02, -0.06, 0.81, 1.16, -0.19, 11 001000000 000
wizard, 0.77, 1.51, -0.43, 0.78, 1.92, -0.47, 11 000110100 000
woman, 2.34, 0.44, 1.12, 1.73, 0.68, 0.85, 01 100000001 000
worker, 1.6, 0.64, 0.33, 1.74, 0.45, 0.67, 11 010000000 010
workman, 0.96, 0.71, 0.27, 0.92, 0.28, -0.24, 10 010000000 000
wretch, -1.58, -1.16, -0.58, -1.08, -0.05, -0.42, 11 100000000 000
wrongdoer, -1.77, -0.14, 0.63, -1.76, -0.22, 0.2, 11 100000000 000
yokel, -0.11, -0.72, -0.6, -0.37, -0.19, 0.16, 11 100000000 000
youngster, 1.53, -0.84, 2.24, 1.0, -0.63, 2.46, 11 100000010 000
youth, 0.66, 0.21, 2.76, 1.17, -0.01, 2.43, 11 100000010 000
zombie, -1.81, -1.95, -1.8, -1.06, -1.42, -1.17, 11 100000000 000

