abbot, 2.7, 2.32, -1.07, 1.36, 0.5, -0.49, 10 000000100 000
abortionist, -0.53, 0.3, 0.46, -2.43, -0.33, -0.17, 11 000001001 011
accomplice, 0.24, 0.45, 0.98, -0.34, -0.04, 1.39, 11 001000000 000
acquaintance, 1.21, 0.21, 0.0, 2.0, -0.07, 0.4, 11 100000000 000
adolescent, -0.36, -0.59, 1.98, 1.06, -0.08, 2.53, 11 100000010 000
adult, 2.05, 0.93, -0.33, 1.23, 0.8, -0.2, 11 100000010 000
agent, 0.55, 0.13, 0.01, 0.51, 0.55, 0.57, 11 010100000 000
aggressor, -1.54, 1.45, 1.05, -2.15, 1.34, 0.86, 11 100000000 000
agnostic, -0.81, -0.78, 1.38, -0.26, -1.12, 1.17, 11 000000100 000
airman, 0.28, 1.07, 1.5, 1.04, 1.4, 1.75, 10 000100000 000
alcoholic, -0.68, -1.49, -1.02, -1.17, -1.56, -0.8, 11 100001000 000
alderman, 0.68, 0.41, -0.67, 1.41, 0.73, -1.49, 11 000100000 000
ally, 1.56, 0.85, 1.38, 0.96, 1.3, 1.65, 11 100100000 000
amateur, 0.72, -0.36, 1.05, 1.19, -0.81, 1.24, 11 100000000 000
ambassador, 1.41, 2.98, 0.16, 0.56, 2.3, -0.26, 11 000100000 000
American, 1.03, 1.55, 1.43, 2.0, 1.81, 1.45, 11 100100000 000
anarchist, 1.03, 1.44, 1.68, -0.95, 0.29, 0.41, 11 000100000 000
angel, 3.04, 2.23, -0.14, 3.33, 2.04, -0.22, 11 100000100 000
Anglican, 0.96, -0.21, 0.0, 0.72, 0.35, -0.56, 11 000000100 000
announcer, 0.66, 0.86, 0.01, 1.04, 0.2, 0.35, 11 010000000 000
antagonist, -1.14, 1.79, 1.99, -2.01, -0.18, 1.21, 11 100000000 000
antiquarian, 1.03, -0.78, -1.36, 1.46, -0.68, -0.75, 11 100000000 000
apprentice, 0.99, -0.62, 1.65, 1.0, -0.87, 1.71, 11 010000000 000
archbishop, 2.11, 1.68, -1.79, 1.91, 1.67, -1.32, 10 000000100 000
aristocrat, -0.06, 0.42, 0.32, -0.54, 1.75, -0.35, 11 000100000 000
army chaplain, 0.3, 0.78, -0.64, 1.02, 0.42, -0.9, 11 000100100 000
artist, 1.53, 0.89, 0.3, 1.39, 0.56, 0.71, 11 110010000 000
assassin, -1.82, 0.63, 1.67, -2.31, 0.34, 0.95, 11 001100000 001
assistant, 0.75, -0.64, 1.24, 1.55, -0.81, 1.61, 11 110001000 000
astrologer, 0.29, -0.4, -0.95, 0.66, -0.13, -0.29, 11 100000100 000
atheist, 1.2, 0.28, -0.75, 1.23, 0.98, -0.03, 11 000000100 000
athlete, 0.98, 2.81, 3.22, 0.63, 2.14, 2.8, 11 010010000 001
attendant, 1.04, 0.21, 0.53, 1.91, -0.3, -0.02, 11 010001000 001
author, 1.02, 0.57, 0.28, 1.38, 0.42, 0.12, 11 010010000 000
autocrat, -0.16, 1.48, 1.22, -0.16, 1.07, -0.38, 11 000100000 000
avenger, 0.1, 0.93, 1.66, -0.72, 1.57, 1.09, 11 100100000 000
baby, 2.89, -2.08, 1.42, 2.49, -2.02, 1.63, 11 100001010 001
bachelor, 1.14, 1.35, 1.03, 0.84, -0.01, 0.78, 10 000000011 000
backer, -0.34, 0.82, -0.64, -0.3, 0.59, -0.16, 11 110100000 000
bailiff, -0.71, 1.66, -0.1, -0.66, 1.49, -0.3, 10 001000000 001
bandit, -1.54, 1.56, 1.83, -1.63, 1.05, 1.47, 11 001000000 000
barbarian, -1.14, 1.85, 1.01, -2.37, 2.2, 1.63, 11 100100000 000
bard, -0.64, 0.32, -0.34, 1.12, 0.58, 0.54, 11 100010000 000
barman, 1.31, 0.87, 0.61, 1.0, -0.14, 0.02, 11 010000000 000
baron, 0.13, 1.54, -0.48, 0.69, 1.19, -0.62, 10 000100000 000
baroness, 0.99, 0.46, -0.13, 0.71, 0.84, 0.06, 01 000100000 000
batsman, 0.75, 0.75, 1.45, 0.93, 0.09, 1.8, 11 100000000 000
beadle, 0.83, -1.7, -0.81, -0.9, -0.06, -0.35, 11 000000100 000
beggar, 1.06, -1.61, -1.55, 0.42, -1.2, -1.56, 11 100000000 000
benefactor, 0.22, 0.14, 0.46, 1.72, 0.72, -0.53, 11 010100000 000
bigot, -2.12, -0.23, 0.69, -2.06, 0.55, 0.05, 11 100000000 000
biographer, 0.59, 0.33, -0.54, 0.48, 0.2, -0.33, 11 000010000 000
bishop, 2.94, 2.31, -1.57, 2.01, 2.11, -1.29, 10 000000100 000
blabbermouth, -1.49, -0.9, 1.67, -2.23, -2.13, 1.26, 11 100000000 000
blackguard, -1.5, 0.5, 1.11, -1.44, 0.54, 0.56, 11 100000000 000
blasphemer, -1.89, -0.73, 0.89, -1.73, 0.28, 0.21, 11 000000100 000
Blessed Virgin, 2.93, 0.56, -0.15, 3.15, 3.12, 0.05, 01 000000100 000
blood donor, 3.13, 1.52, -0.23, 2.37, -0.01, 0.24, 11 000001000 001
boarder, 0.57, -0.12, 0.52, 0.44, 0.01, 0.69, 11 010000000 000
bomber, -2.01, 1.1, 1.2, -1.07, 1.63, 0.98, 11 000100000 001
booby, 0.58, 0.46, -0.45, -1.04, 0.53, 0.88, 11 001000000 001
boor, 0.03, -1.15, 0.13, -1.52, -0.52, -0.42, 11 100000000 000
bore, -2.18, -1.43, -0.67, -2.3, -1.06, -0.61, 11 100000000 000
boss, 0.0, 1.37, -0.47, 0.61, 2.15, -0.6, 11 010000000 000
boy, 0.7, 0.68, 2.55, 0.39, 0.36, 2.72, 10 100000010 000
braggard, -1.23, -0.86, 0.05, -1.63, -0.55, 0.42, 11 100000000 000
brat, -1.1, -0.86, 2.88, -2.24, -0.91, 2.74, 11 100000010 000
bride, 2.81, -0.63, 1.7, 2.64, -0.2, 1.21, 01 000000010 001
bridegroom, 1.45, 0.26, 1.2, 2.33, 0.38, 1.34, 10 000000010 001
bridesmaid, 2.19, -0.69, 1.67, 2.34, 0.05, 1.48, 01 000000010 000
brigadier, -0.02, 1.84, -0.59, -0.7, 1.64, 0.05, 11 000100000 000
brigand, -1.64, 0.5, 0.58, -2.21, 0.36, 1.18, 11 001000000 000
Brit, -0.85, 0.28, 0.07, -1.65, -0.15, -0.06, 11 000100000 000
British soldier, -0.52, 1.09, 0.73, -1.53, 0.01, 1.44, 11 000100000 001
brother, 1.76, 1.59, 1.17, 1.13, 0.34, 1.87, 10 000000010 000
brute, -1.35, 0.58, 0.54, -1.77, 1.55, 1.16, 10 100000000 001
bus driver, 0.47, 0.01, -0.35, 1.65, -0.33, 0.06, 11 010000000 000
bystander, -0.43, -0.47, -0.23, -0.01, -0.25, 0.09, 11 100000000 000
caddie, 1.08, -0.59, 0.38, 0.99, 0.0, 0.92, 11 010000000 000
cadet, 0.4, 0.42, 2.04, -0.3, -0.1, 1.65, 11 000010000 000
caller, 1.0, 0.27, 0.81, 0.54, 0.01, 0.13, 11 100000000 000
candidate, 1.03, 0.68, 0.04, 0.17, 0.03, 0.89, 11 000100000 000
capitalist, -0.22, 0.7, -0.68, -0.47, 1.08, -0.07, 11 010000000 000
captain, 0.47, 2.08, 0.62, 0.18, 1.7, -0.37, 11 000100000 000
captive, -0.2, -1.15, -0.05, -0.52, -1.32, 0.6, 11 001100000 001
cardinal, 2.48, 2.51, -1.47, 2.14, 1.95, -1.6, 11 000000100 000
caretaker, 0.56, -0.37, -0.91, 1.87, -0.19, -1.09, 11 010000000 000
Catholic, 2.39, 1.22, 0.79, 2.62, 1.13, 0.88, 11 000000100 000
censor, -1.03, -0.7, -0.15, 0.39, 0.84, 0.33, 11 000100000 000
chairman, 0.26, 1.82, -1.37, 1.01, 1.88, 0.12, 11 011100000 000
chairwoman, 0.45, 0.29, 0.46, 0.57, 1.08, 0.13, 01 011110000 000
champion, 0.86, 1.64, 1.94, 0.98, 2.29, 2.03, 11 100010000 001
chancellor, -0.24, 2.45, -1.14, -0.49, 2.25, -0.79, 11 000110000 000
chaperon, 0.39, 0.15, -1.46, 0.74, -0.34, -0.29, 11 000000010 000
chaplain, 1.5, 0.14, 0.0, 1.81, 0.59, -0.75, 11 000000100 000
chauffeur, 0.05, -1.15, -0.78, 1.77, -0.66, -0.35, 11 010100000 000
cheat, -2.15, -1.46, 0.38, -2.64, -1.64, 1.3, 11 110000000 000
chemist, 1.86, 0.68, -0.4, 1.19, -0.04, -0.14, 11 010010000 000
chief, 0.7, 2.56, -0.69, 0.47, 2.49, 0.53, 11 000100000 000
child, 2.06, -1.69, 2.18, 1.24, -0.82, 2.68, 11 100000010 000
Christ, 2.74, 3.47, 1.41, 2.87, 2.8, -0.27, 11 000000100 000
Christian, 2.25, 0.09, 0.11, 2.07, 1.26, -0.08, 11 000000100 010
citizen, 0.93, 0.61, 0.28, 0.97, -0.24, 0.5, 11 000100000 000
clergyman, 1.56, 0.69, -1.0, 2.22, 1.01, -0.8, 11 000000100 000
clown, 1.78, 0.15, 2.42, 1.73, 0.09, 0.92, 11 100000000 000
collaborator, -0.84, -0.81, -0.95, -1.21, 0.14, 0.85, 11 000100000 000
commander, 0.08, 1.28, 0.97, -0.61, 2.15, 0.34, 11 000100000 000
commando, 0.43, 2.83, 2.51, 0.16, 2.19, 1.72, 11 000100000 001
commissioner, 0.77, 2.38, 0.2, -0.11, 1.88, -0.68, 11 000100000 000
communist, -0.49, -0.29, 0.69, -0.36, 1.18, 0.87, 11 000100000 000
companion, 1.85, 1.54, 2.14, 2.78, 1.23, 2.02, 11 100000000 000
comrade, 2.35, 1.31, 1.7, 2.1, 1.28, 1.62, 11 100100000 000
confederate, -0.33, 0.61, 1.42, 0.51, 0.76, 0.01, 11 011100000 000
conqueror, -1.34, 2.84, 0.88, -0.89, 2.17, 0.49, 11 000100000 001
conscript, 0.62, -0.81, 0.76, 0.44, -0.26, 0.7, 11 000100000 001
conservative, 0.51, 1.93, 0.25, 0.7, 0.77, -0.38, 11 000100000 000
conspirator, -1.48, 0.39, 1.24, -1.38, 0.7, 0.51, 11 011100000 000
constable, 0.1, 1.23, 0.82, -1.1, 0.48, -0.1, 11 001000000 001
consumer, 0.89, 0.04, 0.09, 0.63, 0.15, 0.78, 11 010000000 000
convict, -1.45, 0.42, 0.73, -1.84, 0.14, 1.1, 11 001000000 001
coroner, 0.53, 0.73, 0.21, 0.81, 1.21, -1.27, 11 001001000 000
councillor, 0.98, 0.93, -0.13, 1.59, 1.08, -0.02, 11 001100000 000
count, 0.87, 1.2, 0.36, 0.69, 1.11, -0.57, 10 000100000 000
countess, 0.66, 0.91, 0.11, 1.05, 0.47, -0.28, 01 000100000 000
coward, -0.72, -1.63, -0.51, -1.07, -1.61, -0.2, 11 100000000 000
crank, -0.81, 0.51, 0.41, -1.23, -0.15, -0.18, 11 100000000 000
creditor, 0.16, 0.43, -0.17, 0.15, 0.64, -1.0, 11 010000000 000
cripple, 0.99, -1.38, -1.73, 0.66, -0.96, -1.02, 11 100001000 000
critic, -1.0, 1.66, -0.35, -1.09, 0.41, 1.31, 11 100110000 000
culprit, -0.48, -0.09, 1.97, -1.36, -0.87, 1.69, 11 001000000 010
Cumann Ban member, 1.27, 2.24, 1.83, -0.15, 0.01, 1.33, 11 000100000 000
custodian, 0.62, -0.78, -0.45, -0.08, 1.65, -0.54, 11 010000000 000
customer, 1.02, -0.48, 0.08, 1.34, -0.47, -0.04, 11 010000000 000
customs officer, 0.06, 1.37, 0.09, 0.21, 1.03, -0.5, 11 001000000 000
cynic, -0.9, -0.1, 0.57, -1.41, -1.37, -0.43, 11 100110000 000
daughter, 2.17, -0.94, 2.41, 1.75, -0.61, 2.3, 01 000000010 000
deacon, 1.11, 0.03, 0.64, 0.37, 0.08, -1.03, 11 000000100 000
dean, 0.47, 2.29, -1.15, 1.38, 1.32, -1.23, 11 000010000 000
debtor, -0.6, -0.3, -0.29, -0.55, -0.07, 0.14, 11 010000000 000
decoy, -0.5, 0.1, 0.06, -0.91, 0.46, 0.5, 11 001100000 000
defendant, 0.38, -0.14, -0.03, 1.32, 0.46, 0.29, 11 001000000 000
degenerate, -1.94, -1.12, 0.52, -0.64, -0.72, 0.33, 11 100001001 001
delegate, 1.02, 0.68, -0.19, 1.22, 0.93, 0.47, 11 000100000 000
delinquent, -0.49, -0.56, 1.91, -1.17, -1.15, 2.79, 11 001000000 000
demonstrator, 0.03, 0.13, 2.45, 0.79, 0.45, 2.7, 11 000100000 001
desperado, -0.74, 2.37, 2.3, -1.97, 1.45, 1.61, 11 001000000 001
detective, 0.19, 1.18, 0.22, 0.42, 1.07, 1.13, 11 001000000 001
Devil, -2.53, 0.99, 1.09, -2.96, 0.75, 0.17, 11 100000100 000
dictator, -0.77, 1.72, 0.43, -1.26, 1.81, 1.12, 11 000100000 000
dignitary, -0.38, 1.36, -0.63, 0.66, 1.95, -0.86, 11 000110100 000
diplomat, 0.17, 1.28, 0.5, 0.93, 1.47, 0.05, 11 000100000 000
director, 0.11, 2.57, -0.77, 1.15, 2.48, 0.62, 11 010000000 000
disciple, 2.41, 0.79, -0.02, 2.37, 1.32, -0.34, 11 000110100 000
disciplinarian, -0.78, -1.21, -1.36, -0.93, 2.22, -0.78, 11 000010110 001
doctor, 2.03, 1.73, -0.3, 2.34, 2.43, -0.34, 11 000001000 101
drug addict, -0.85, -1.18, -0.31, -1.8, -1.16, 0.54, 11 001001000 000
duchess, 0.57, -0.11, -1.03, 0.51, -0.3, -1.07, 01 000100000 000
duke, 0.16, 0.07, -1.02, 0.91, -0.05, -0.65, 10 000100000 000
dummy, 1.01, -1.25, -1.29, 1.17, -1.77, 0.0, 11 100000000 000
dwarf, 1.78, -0.24, 0.41, 0.61, -0.99, -0.12, 11 100001000 000
earl, 0.81, 0.9, -0.43, 0.72, 1.34, -0.45, 10 000100000 000
electrician, 1.05, 1.46, 0.82, 1.08, 0.86, 0.24, 11 010000000 000
elf, 0.65, -1.36, 0.65, 1.66, -1.03, -0.17, 11 100000000 000
emigrant, 1.86, -1.29, 0.81, 1.26, 0.47, 0.24, 11 000100000 000
employer, 1.13, 2.21, 0.36, 1.27, 1.63, -0.48, 11 010000000 000
enemy, -2.03, 0.94, 0.16, -1.98, 0.27, 0.34, 11 100100000 001
Englishman, -0.21, 0.27, 0.46, -0.79, -0.96, -0.53, 11 000100000 000
entertainer, 2.22, 1.6, 2.54, 2.0, 0.76, 1.63, 11 110000000 000
envoy, 0.27, 0.22, 0.11, 0.72, 1.15, 0.13, 11 000100000 000
escort, 1.14, 1.46, 0.87, 1.91, 0.93, 1.34, 11 100100001 001
evangelist, 1.97, 1.44, 0.29, 1.39, 0.35, -0.86, 11 000000100 000
executioner, -1.71, 1.42, 1.73, -1.93, 1.23, -0.13, 11 001000000 001
exile, -0.39, -0.36, 0.19, 0.02, -0.15, -0.34, 11 000100000 000
exorcist, -0.66, 1.8, 0.3, -0.6, 2.36, 0.13, 10 000000100 000
expert, 1.25, 1.98, 0.27, 1.16, 2.46, 0.11, 11 011111000 000
eyewitness, 0.57, 0.46, -0.09, 1.17, 0.59, 0.05, 11 001000000 000
fairy, 1.91, -0.63, 1.13, 2.23, 1.23, 0.97, 11 100000000 000
fake, -1.95, -0.37, 0.07, -1.56, -0.7, 0.01, 11 100000000 000
farmer, 1.21, 1.3, 0.29, 1.42, 0.73, 0.15, 11 010000000 000
fascist, -1.27, -0.67, 0.86, -0.98, 0.7, 0.57, 11 000100000 000
fatalist, -0.29, 2.22, 0.0, 0.17, -1.14, 0.21, 11 100000000 000
father, 2.54, 2.32, -0.53, 2.45, 2.38, -0.26, 10 000000010 001
felon, -1.33, -0.04, -0.34, -1.37, -0.01, 0.19, 11 001000000 001
female, 1.9, 0.5, 1.22, 1.83, 0.9, 1.37, 01 100000001 000
fiancé, 1.29, 0.06, 0.79, 2.48, 0.92, 1.51, 10 000000010 001
fiend, -1.07, 0.65, 1.73, -0.79, 0.66, 1.29, 11 000001101 000
fighter, 0.29, 2.31, 2.75, -1.31, 2.27, 2.74, 11 100000000 001
film star, 1.39, 2.18, 1.7, 0.91, 1.44, 1.17, 11 010000000 000
fool, 0.35, -0.27, 1.1, 0.15, -1.3, 1.69, 11 100000000 000
fortune teller, 0.33, -0.27, -0.09, 0.79, 0.25, -0.91, 11 010000100 000
freak, -0.34, -1.41, 0.74, -0.09, -0.17, 1.58, 11 100000000 000
freedom fighter, 0.95, 1.22, 2.72, 1.15, 1.76, 2.14, 11 000100000 000
friar, 2.12, -0.04, -0.58, 1.44, 0.42, -1.23, 10 000000100 000
fugitive, -1.08, -0.36, 1.04, -1.01, -0.57, 0.78, 11 001000000 001
gambler, -0.05, 0.22, 1.34, -1.24, -1.2, 0.37, 11 110000000 000
gangster, -1.72, 2.26, 1.83, -1.55, 2.55, 2.21, 10 011000000 000
general, -0.21, 2.89, -0.91, -0.41, 2.78, -0.83, 11 000100000 000
ghost, 0.07, 0.85, -0.14, -0.93, 0.98, -0.49, 11 000000100 000
girl, 1.67, 0.71, 1.59, 1.73, 0.05, 2.21, 01 100000001 000
girlfriend, 3.16, 0.5, 1.56, 2.26, -0.01, 0.59, 01 000000001 001
God the Father, 3.95, 3.61, -0.68, 3.39, 3.95, -0.34, 10 000000100 000
God, 2.72, 2.82, 0.28, 3.14, 3.55, 0.13, 11 000000100 000
governess, 0.17, 1.01, -0.48, 0.32, 1.67, -0.9, 01 000000010 001
governor, 0.79, 0.94, -0.9, 0.16, 1.72, -0.54, 11 000100000 000
grave digger, -0.1, 1.22, -0.83, -0.86, -0.42, -1.06, 11 010000000 000
guard, 0.28, 1.2, 0.13, 0.34, 1.19, 0.78, 11 010000000 001
gunman, -1.88, 0.97, 1.39, -1.8, 1.81, 1.37, 10 001000000 001
Gypsy, -0.27, -0.78, -0.13, 0.05, -0.28, 0.67, 11 100100000 000
headmaster, 0.36, 2.2, -1.48, 0.26, 2.64, -0.84, 10 000010000 001
headmistress, 0.35, 0.69, -0.75, -0.1, 2.6, -0.98, 01 000010000 001
heir, 0.11, 1.62, 0.4, 0.72, 1.61, 1.21, 11 000000010 000
heretic, -0.27, -0.36, 1.38, -1.13, 0.35, 0.16, 11 000000100 000
hero, 1.47, 1.82, 1.34, 2.54, 2.75, 1.55, 10 100000000 000
highwayman, -1.45, 2.0, 2.29, -1.48, 1.73, 1.79, 10 001000000 001
hijacker, -0.92, 0.97, 1.44, -1.36, 1.53, 1.92, 11 011100000 001
hobgoblin, -0.44, -0.26, 1.95, -1.8, -0.14, 0.91, 11 100000000 000
Holy Spirit, 3.02, 3.27, 0.68, 2.13, 3.07, -0.41, 11 000000100 000
homosexual, -0.48, -0.69, 1.68, -0.59, -0.4, 1.43, 11 000000001 000
horseman, 0.43, 1.28, 1.07, 0.88, 0.39, 0.63, 11 100000000 000
hostage, 0.55, -1.7, -0.68, 0.2, -0.59, 0.0, 11 001100000 001
housekeeper, 0.56, -0.36, -0.9, 1.74, 0.98, -0.15, 11 010000010 000
hunger striker, 0.23, -0.66, -0.47, -0.14, -0.07, -0.26, 11 000100000 001
hunter, -0.52, 0.72, 0.62, -0.91, 0.96, 0.99, 11 100000000 000
husband, 1.95, 1.35, 0.33, 2.01, 1.6, 0.47, 10 000000011 001
hypocrite, -1.74, -0.69, 0.33, -2.15, -0.27, 0.19, 11 100000000 000
idealist, 1.51, 0.3, -0.4, 1.93, 0.08, 0.69, 11 100000000 000
illiterate, 0.08, -0.3, 0.87, 0.05, -1.39, -0.44, 11 000010000 000
imbecile, -1.05, -1.3, 1.13, -0.39, -1.7, -0.63, 11 100000000 000
imp, 0.73, -0.45, 0.95, -0.86, 0.06, 1.68, 11 100000000 000
imposter, -1.05, 0.26, 0.86, -1.05, 0.14, 0.35, 11 001000000 000
infant, 2.0, -1.78, 2.72, 2.53, -1.65, 1.94, 11 000001010 001
informant, -1.46, -1.25, -0.84, -2.18, -1.3, 0.23, 11 001100000 000
inmate, 1.53, 0.79, 0.76, 0.01, 0.26, 0.38, 11 001000000 001
innocent, 2.54, -0.64, -0.56, 1.99, -0.94, 0.86, 11 100000000 000
inspector, 0.45, 0.64, -0.3, -0.01, 1.01, -0.92, 11 001000000 001
internee, 0.35, 0.69, 1.34, 0.02, -1.19, 1.32, 11 001000000 001
interpreter, 0.57, 1.19, 0.52, 1.12, 0.22, 0.13, 11 010100000 000
interrogator, -1.76, 2.42, 1.41, -1.61, 1.13, 0.22, 11 001000000 000
intruder, -0.86, 0.16, 0.27, -1.9, 0.54, 0.16, 11 101000000 000
invader, -1.77, 2.09, 1.67, -1.74, 2.23, 1.27, 11 000100000 001
invalid, 1.71, -0.81, -0.81, 1.87, -0.45, -0.89, 11 000001000 001
investigator, 0.37, 1.08, -0.01, 0.32, 1.39, 0.82, 11 001000000 000
Irishman, 2.18, 2.59, 2.63, 2.85, 1.46, 0.6, 11 000100000 000
ironmonger, -0.26, 0.11, -0.34, 1.34, 0.59, -0.72, 11 010000000 000
itinerant, 0.48, 0.27, 0.92, 0.96, 0.75, 0.44, 11 001000000 000
jack of all trades, 0.48, 0.79, -0.47, 1.13, 0.2, 0.85, 11 010000000 000
jackass, -0.33, -0.72, 1.7, -0.08, -1.14, 0.92, 11 100000000 000
jailer, -0.83, 0.87, -0.42, -1.12, 0.98, -0.15, 11 001000000 001
jay walker, -0.04, 0.0, 1.44, -0.48, 0.05, 0.68, 11 001000000 000
Jesuit, 1.44, 1.51, -0.67, 1.67, -0.26, -1.0, 10 000000100 000
Jew, 0.23, -0.29, 0.13, 0.6, 0.06, -0.1, 11 000000100 000
joker, 0.79, 0.44, 1.95, 1.3, -0.18, 2.1, 11 100000000 000
journalist, 0.03, 1.06, 1.11, 1.05, 1.16, 1.3, 11 010100000 000
judge, 0.29, 2.38, -1.88, 0.82, 2.4, -1.38, 11 001000000 000
juror, 0.54, 1.76, -1.23, 0.9, 1.3, -0.11, 11 001000000 001
justice of the peace, -0.14, 1.0, -1.38, -0.06, 1.53, -0.82, 11 001000000 000
juvenile, 0.12, -0.5, 2.37, 1.23, -0.1, 1.89, 11 001000010 000
kidnapper, -1.71, 1.31, 1.98, -1.92, 1.1, 1.31, 11 001000000 001
King Billy, -1.71, 0.05, 0.06, -2.57, 0.93, 0.31, 10 000100000 000
king, 0.92, 2.57, -0.72, 0.49, 1.79, -0.55, 10 000100000 000
knave, 0.35, -0.14, 1.23, -0.25, 0.1, 1.57, 11 100000000 000
labourer, 0.86, 1.05, 1.26, 1.3, 0.44, 0.75, 11 010000000 000
lad, 0.56, 0.24, 1.5, 0.78, 0.46, 1.67, 10 100000000 000
lady, 1.34, -0.88, -0.38, 2.14, -0.44, -0.85, 01 100000000 000
lame duck, 0.81, -1.96, -1.4, 1.1, -2.28, -1.77, 11 000100000 000
landlady, 0.69, 1.17, -0.47, 0.77, 0.52, -1.07, 01 010000000 000
landlord, -0.94, 0.28, -1.13, -0.11, 1.18, -2.08, 10 010000000 000
lass, 1.91, 0.21, 1.46, 1.44, 0.18, 1.52, 01 100000000 000
lawyer, 0.53, 1.31, 0.27, 1.0, 2.02, -0.21, 11 001000000 000
layman, 0.13, 0.4, 0.17, 1.4, -0.11, -0.21, 11 011111100 000
lecturer, 0.68, 1.26, -0.5, 1.65, 1.04, -0.96, 11 000010000 000
leprechaun, 2.41, 0.91, 1.53, 2.16, 0.36, -0.31, 11 100000000 000
liar, -1.91, -1.18, 1.15, -1.81, 0.01, 0.14, 11 100000000 000
lieutenant, -0.21, 1.0, 1.88, -0.34, 1.27, 0.57, 11 000100000 000
lodger, 1.41, -0.71, 0.87, 0.99, -0.38, -0.18, 11 010000000 000
lookout, 0.86, 0.13, 1.31, -0.12, 0.7, 1.44, 11 001000000 000
lord, 1.51, 2.19, -1.43, 0.77, 1.76, -0.35, 10 000100000 000
lorry driver, 1.51, 0.23, -0.43, 0.9, 0.49, 0.4, 11 010000000 000
lover, 2.1, 0.77, 0.88, 2.07, 1.28, 1.01, 11 000000001 001
loyalist, -1.09, 0.19, -0.17, -1.75, -0.54, -0.34, 11 000100000 000
lunatic, -1.95, -0.71, 1.07, -0.95, -0.46, 0.89, 11 100001000 000
madman, -1.04, 0.08, 1.12, -1.75, -0.67, 0.8, 10 100001000 000
madwoman, -1.48, -0.82, 2.1, -1.09, -0.89, 0.4, 01 100001000 000
magistrate, -0.11, 2.2, -1.96, -0.79, 1.84, -1.35, 11 001000000 000
maid of honour, 1.96, -0.7, -0.27, 1.92, 0.33, 1.0, 01 000000010 000
maid, 1.27, -0.81, 1.06, 2.22, -1.39, 1.09, 01 010000000 000
maiden, 1.86, -1.12, 1.51, 1.91, -0.29, 1.03, 01 100000000 000
major, -0.31, 2.1, 0.13, -1.01, 2.03, -0.45, 11 000100000 000
male, 1.31, 1.76, 1.02, 1.5, 1.21, 1.81, 10 100000001 000
maniac, -1.56, 0.57, 0.55, -1.64, 0.51, 0.18, 11 100001000 001
mannequin, -0.61, -0.93, -0.33, 1.29, 0.16, 0.81, 11 100000000 000
marine, -0.15, 0.88, 1.14, 1.09, 1.61, 1.95, 11 000100000 001
marksman, -0.44, 2.09, 1.52, -0.41, 2.64, 1.57, 10 001000000 000
marshal, 0.5, 1.99, 0.85, 0.95, 2.2, 0.9, 11 000100000 000
martyr, 1.67, 0.3, -0.86, 1.85, 1.72, 0.1, 11 000100100 000
mason, 1.13, 1.27, 0.27, 0.23, 0.46, 0.14, 11 010000000 000
master, 0.61, 0.33, -0.44, -0.37, 2.2, -0.59, 11 000110101 000
matron, 0.43, 0.82, -0.91, 1.11, 1.85, -0.79, 01 100000000 000
mayor, -0.12, 1.61, -1.7, 0.72, 1.65, -1.58, 11 000100000 000
mercenary, -1.84, 0.98, 1.79, -2.56, -0.36, 2.11, 11 000100000 001
merchant, 0.59, 1.64, 0.65, 0.39, 0.31, -0.53, 11 010000000 000
migrant, 0.49, -0.67, 0.04, 0.38, -0.09, -0.18, 11 000100000 000
milkman, 1.33, -0.03, 0.35, 1.49, 0.02, -0.2, 11 010000000 000
miner, 1.01, 0.73, 0.84, 1.15, 0.88, 0.78, 10 010000000 000
minister, -0.21, 1.47, -0.79, 0.23, 1.22, -0.41, 11 000000100 000
miser, -0.8, -1.22, -1.44, -1.61, 0.13, -0.82, 11 100000000 000
misfit, -0.24, -0.83, 0.75, -1.04, -1.26, 0.71, 11 100000000 000
missionary, 2.47, 1.19, -0.05, 3.02, 0.92, 0.06, 11 000000100 000
monarch, -0.06, 1.13, -0.94, 0.68, 1.82, -0.25, 11 000100000 000
monk, 2.08, -0.19, -2.11, 2.19, 0.46, -1.71, 10 000000100 000
monster, -1.61, 2.31, 1.05, -1.52, 2.39, 1.41, 11 100000000 000
mother, 2.95, 1.43, 0.51, 3.0, 1.63, 0.17, 01 000000010 001
murderer, -1.64, 0.85, -0.2, -2.86, 1.11, 0.39, 11 001000000 001
mystic, 0.21, 0.81, -0.96, -0.07, 0.78, 0.15, 11 000000100 000
nationalist, -0.21, 1.55, 0.87, 0.41, 1.44, 0.84, 11 000100000 000
nazi, -1.15, 0.64, 0.87, -0.2, 2.7, 1.51, 11 000100000 000
neurotic, 1.56, -0.75, -0.34, 0.29, -0.63, 0.29, 11 000001000 000
news agent, 1.49, -0.3, -0.87, 0.56, -0.09, -0.19, 11 010000000 000
newscaster, 1.15, -0.08, 0.48, 1.77, 0.38, 0.51, 11 010100000 000
night watchman, 0.49, -0.3, -1.07, 0.99, 0.38, -1.22, 10 011000000 000
nitwit, -0.24, -0.9, 0.96, 0.39, -1.56, 1.9, 11 100000000 000
noble, 0.06, 1.51, -0.49, 0.19, 1.45, -0.47, 11 000100000 000
nobody, -0.49, -1.87, -0.39, -0.36, -1.48, -0.56, 11 100000000 000
nomad, 0.28, -0.65, -0.53, 0.8, -0.69, -0.89, 11 000100000 000
nonconformist, 0.16, 0.0, 0.57, 0.07, -0.14, 0.53, 11 100000000 000
nun, 2.72, -0.36, -0.57, 2.01, -0.6, -0.65, 01 000000100 000
nurse, 2.71, 1.82, 1.64, 2.86, 1.08, 1.18, 11 000001000 001
nymph, 0.72, -1.18, 0.33, 0.72, -0.8, 1.27, 01 000000001 000
oaf, -0.67, 0.09, 0.25, -0.78, -0.94, -0.47, 11 100000000 000
observer, -0.32, 0.36, 0.18, 0.83, -0.33, -0.2, 11 101001000 000
occupant, 0.31, -0.6, -0.17, 0.65, -0.42, 0.3, 11 010000000 000
offender, -0.31, 0.46, 1.43, -1.43, 0.21, 1.24, 11 001000000 000
officer, 0.95, 0.64, 0.05, 0.02, 1.83, 0.68, 11 001100000 000
Official IRA member, 0.12, 0.99, 1.84, -0.58, -0.75, 0.55, 11 000100000 000
ogre, -0.1, 1.65, 0.75, -2.16, 2.64, -0.52, 11 100000000 000
onlooker, -0.31, -0.94, -0.43, 0.56, -0.97, 0.16, 11 100000000 000
opponent, -0.3, 0.83, 0.4, -0.49, 0.21, 0.6, 11 100100000 000
orator, 0.8, 0.36, 0.28, -0.64, 0.57, -0.08, 11 000100000 000
orphan, 1.07, -1.08, 1.48, 1.21, -1.47, 1.28, 11 000000010 000
outcast, -0.34, -0.94, -0.68, 0.05, -1.06, -0.77, 11 100100000 000
outlaw, -1.81, 0.94, 0.49, -1.65, 1.15, 1.78, 11 001000000 000
outsider, 0.77, -0.11, 0.62, 0.03, -1.0, 0.71, 11 100000000 000
overseer, -0.69, 0.96, 0.17, -1.49, 0.8, 0.11, 11 010000000 000
pacifist, 1.45, 0.13, 0.92, 1.14, -0.84, -0.86, 11 000100000 000
pagan, -0.8, 0.18, 1.38, -0.58, -0.23, 0.16, 11 000000100 000
paralytic, 0.92, -0.93, -0.3, 1.31, 0.11, -0.31, 11 000001000 001
parasite, -0.75, 0.06, -0.31, -1.38, -0.96, 0.4, 11 100000000 000
paratrooper, -1.34, 1.61, 1.38, -1.64, 2.13, 2.38, 11 000100000 001
parent, 2.26, 1.61, -0.11, 2.39, 2.5, -0.27, 11 000000010 001
parishioner, 0.73, -0.95, -0.93, 1.5, -0.51, -0.44, 11 000000100 000
parson, 1.8, 0.86, -2.04, 1.69, 0.94, -0.89, 11 000000100 000
partisan, 0.68, 0.89, 0.79, 1.04, 1.03, 0.54, 11 000100000 001
partner, 1.81, 0.57, 0.9, 1.42, 0.45, 0.76, 11 111000001 000
passenger, 0.48, -0.73, -0.12, 0.57, -0.49, -0.19, 11 010000000 000
passer by, 0.45, -0.42, -0.45, 0.63, -0.45, 0.38, 11 100000000 000
pastor, 1.51, 0.0, -1.62, 1.56, 0.45, -1.07, 11 000000100 000
patriot, 1.06, 1.43, 1.07, 1.16, 1.24, 1.09, 11 000100000 000
patron, 1.43, 0.84, -0.13, 2.48, 1.29, -0.26, 11 010100000 000
pauper, 0.34, -1.74, -0.24, 0.09, -1.68, -0.17, 11 010000000 000
peacemaker, 1.7, 0.64, 0.05, 2.28, 1.04, -0.06, 11 100100000 000
peasant, 1.38, -1.56, 0.49, 1.92, -1.09, -0.28, 11 010100000 000
pedestrian, 0.34, -0.35, -0.17, 0.48, 0.12, -0.08, 11 100000000 000
peer, 0.07, 0.41, -0.52, -0.04, 0.29, -0.28, 11 100100000 000
pensioner, 1.4, -1.52, -1.96, 1.34, -1.15, -2.14, 11 110000010 000
perjuror, -2.17, -0.04, 0.38, -1.48, -0.65, 0.28, 11 001000000 000
pervert, -0.3, -0.02, 0.02, -1.29, -0.25, 0.27, 11 000000001 001
pest, -2.01, -0.59, 2.17, -2.33, -0.44, 0.24, 11 100000000 000
philosopher, 1.44, 0.93, -1.0, 1.18, 0.5, -0.81, 11 000010000 000
photographer, 1.31, 0.74, 1.15, 0.89, 0.34, 0.59, 11 010000000 000
pilgrim, 2.56, 0.33, -0.97, 2.43, 1.06, 0.08, 11 000000100 000
pioneer, 0.96, 0.21, 0.08, 2.1, 0.37, -0.66, 11 010111000 000
plaintiff, -0.18, 0.7, -0.14, -0.42, 0.53, 0.01, 11 001000000 000
playmate, 1.47, 1.04, 2.14, 2.29, -0.01, 1.83, 11 100000000 000
poisoner, -0.77, -0.33, -0.88, -2.0, 0.0, 0.4, 11 001000000 000
policeman, -0.39, 1.92, 1.26, -0.28, 1.27, 0.61, 10 001000000 001
policewoman, -0.51, 0.74, 1.01, 0.43, 0.81, 1.18, 01 001000000 001
political prisoner, -0.11, -0.35, 0.54, 0.41, 0.55, 1.08, 11 000100000 000
politician, -0.19, 0.6, -0.26, -0.16, 2.23, -0.69, 11 000100000 000
Pope, 2.75, 3.01, -1.31, 2.94, 3.08, -1.92, 10 000000100 000
postman, 1.84, 0.14, 0.11, 1.58, 0.27, 0.86, 10 010000000 000
preacher, 2.09, 0.89, -0.01, 1.99, 0.95, -0.68, 11 000000100 000
prefect, -0.66, 1.21, 0.92, 0.43, 0.73, 1.21, 10 000100100 000
premier, -0.25, 1.07, -0.91, 1.03, 1.89, -0.71, 11 000100000 000
president, 0.97, 2.67, 0.2, 1.23, 2.91, -0.59, 11 000100000 000
priest, 1.98, 0.98, -1.15, 2.08, 1.23, -0.72, 10 000000100 000
prince, 1.83, 1.9, 1.13, 1.1, 1.89, 0.95, 10 000100000 000
princess, 1.03, 0.62, -0.32, 0.98, 0.26, 0.91, 01 000100000 000
prison screw, -0.56, 0.85, 0.95, -1.25, 1.57, 0.39, 11 001000000 001
prisoner, -1.9, -0.73, -0.09, -0.58, -0.36, 0.46, 11 001000000 000
prodigy, 0.0, 0.81, 0.57, 2.39, -0.33, 2.05, 11 000010000 000
professional, 0.65, 0.48, 0.98, 0.43, 1.48, 0.6, 11 011111000 000
professor, 1.33, 1.61, -1.36, 1.73, 1.8, -1.81, 11 000010000 000
profiteer, 0.8, 1.43, 0.23, -0.16, 1.52, -0.09, 11 010000000 000
prophet, 1.83, 1.24, -0.75, 1.26, 1.25, -0.66, 11 000000100 000
propogandist, -0.6, 0.89, 1.27, -1.52, 0.89, 1.11, 11 000100000 000
proprietor, 0.83, -0.04, -0.26, 0.07, 1.29, -0.24, 11 010000000 000
prosecutor, -1.04, 1.27, -0.39, -0.84, 2.13, -0.13, 11 001000000 001
protector, 2.42, 2.23, 1.69, 1.26, 1.68, 0.66, 11 100000000 000
protégé, 0.36, 1.1, 0.83, 0.38, 0.51, -0.04, 11 010111100 000
Protestant, -0.03, -0.53, 0.14, 0.08, -0.28, 0.0, 11 000000100 000
protester, 0.17, -0.01, 2.12, 0.09, 0.78, 1.06, 11 000100000 000
Provisional IRA member, -0.31, 1.23, 1.76, -0.76, 0.82, 1.4, 11 000100000 001
psychologist, -0.95, -1.0, 0.14, -0.44, -0.75, 0.14, 11 000011000 000
publican, 0.82, 1.46, -0.49, 0.09, 0.16, -0.31, 11 010000000 000
puritan, 1.25, -0.66, -0.06, 0.55, -0.22, -1.44, 11 000000101 000
Queen, -0.18, 0.77, -1.43, -0.59, 0.26, -1.58, 01 000100000 000
quitter, -0.95, -0.83, 0.04, -0.67, -1.42, -0.43, 11 100000000 000
rabbi, 1.12, 0.96, -0.62, 2.06, 0.89, -1.28, 10 000000100 000
radical, -0.44, 0.75, 1.44, 0.17, 1.59, 1.19, 11 000100000 000
rancher, 0.02, 2.44, 1.8, 0.91, 1.53, 0.95, 11 010000000 000
rebel, 0.32, 2.11, 2.43, -0.08, 1.17, 2.27, 11 000100000 000
receiver, -0.19, 0.5, -0.38, 0.29, 0.47, -0.32, 11 001000000 000
remand prisoner, 0.25, -0.46, 1.38, -0.01, 0.68, 0.78, 11 001000000 000
representative, 1.79, 0.88, 0.48, 2.06, 1.49, 0.79, 11 000100000 000
republican, 0.61, 1.11, 1.18, -0.02, 1.19, 1.01, 11 000100000 000
revolutionary, 0.09, 1.64, 2.21, -0.37, 2.2, 1.46, 11 000100000 000
ringleader, -0.52, 1.27, 2.06, -0.71, 1.54, 2.26, 11 001000000 000
robber, -1.48, 1.15, 0.87, -2.22, -0.58, 1.78, 11 011000000 000
rock star, 0.57, 1.42, 2.2, 1.74, 1.87, 3.32, 11 010000000 000
rogue, -1.58, 0.41, 2.24, -1.53, 0.14, 0.46, 10 100000000 000
roughneck, -1.66, 0.59, 1.47, -1.63, 0.32, 1.38, 10 100000000 000
RUC man, -1.35, 0.06, 0.54, -1.84, 1.62, 0.13, 10 000100000 000
Russian, -1.12, 1.11, 1.75, -1.4, -0.29, 1.68, 11 000100000 000
saint, 3.62, 2.62, -0.84, 2.91, 1.5, -0.62, 11 000000100 000
Savior, 3.08, 2.59, 1.24, 2.83, 3.0, 1.01, 10 000000100 000
scapegoat, -0.21, -1.28, 0.07, 0.04, -0.32, -0.56, 11 100100000 000
scatterbrain, 0.4, -0.98, 1.72, 0.76, -0.83, -0.13, 11 100000000 000
scavenger, -0.95, 0.39, 1.1, -1.69, -0.3, 1.11, 11 010000000 000
sceptic, -0.48, 0.46, -0.57, -0.66, -0.53, -0.47, 11 100110100 000
scholar, 1.24, 0.51, 0.54, 0.81, 0.36, 0.54, 11 000010000 000
school principal, 0.84, 1.54, -0.76, 0.09, 2.33, -1.13, 11 000010000 000
schoolgirl, 2.21, 0.22, 2.33, 2.07, 0.22, 1.91, 01 000010000 000
scientist, 0.56, 0.97, -0.12, 1.03, 2.15, -0.53, 11 010010000 000
Scotsman, -0.16, 0.27, -0.08, -0.25, 1.17, 0.81, 11 000100000 000
scout, 1.74, -0.05, 1.96, 2.27, -0.35, 2.37, 10 100000000 000
SDLP member, 1.04, 0.34, 0.21, 0.36, 0.44, 0.08, 11 000100000 000
secret agent, -1.06, 2.1, 0.72, 0.0, 1.46, 1.42, 11 000100000 000
secularist, 0.0, -1.17, 0.0, -0.14, -0.75, -0.61, 11 000000100 000
seminarian, 2.28, 0.17, -1.03, 1.2, 0.82, 0.8, 11 000000100 000
sergeant, -0.46, 2.7, 0.47, -0.57, 1.8, 0.43, 11 000100000 000
servant, 1.54, -1.27, -0.46, 1.04, -1.85, -1.0, 11 010000000 000
sexton, 0.27, 0.0, -0.51, 0.54, -0.05, -0.95, 11 000000100 000
sheriff, 0.72, 2.29, 1.0, 0.46, 1.13, 0.61, 11 001000000 001
shirker, -0.42, -0.23, -0.23, -1.19, -0.81, 0.93, 11 100000000 000
shoemaker, 1.05, 0.01, -0.19, 1.91, -0.63, -1.67, 11 010000000 000
shopkeeper, 1.15, -0.14, -0.87, 1.02, 0.39, -0.89, 11 010000000 000
singer, 0.84, 0.49, 0.56, 1.69, 0.72, 1.15, 11 010000000 000
Sinn Feiner, 0.61, 1.24, 0.96, 0.6, 1.01, 0.77, 11 000100000 000
sinner, -1.33, -0.55, 0.18, -1.47, -0.98, 0.0, 11 000000100 000
sister, 2.38, -0.01, 2.16, 1.95, 0.0, 1.58, 01 000000010 000
slave, 1.22, -1.89, 0.42, -0.01, -1.94, -0.05, 11 010100000 101
sleeper, 0.55, -0.9, -0.99, 0.56, -0.75, -0.53, 11 100000000 000
sluggard, -2.44, 2.13, 1.38, -1.97, 0.16, -0.57, 11 100000000 000
slut, -1.61, -1.28, 0.8, -2.27, -1.51, 0.75, 01 000000001 001
sneak, -2.43, -0.68, -0.4, -2.14, -0.24, 0.36, 11 100000000 000
sniper, -1.39, 1.4, -0.03, -1.23, 1.92, 1.38, 11 000100000 000
snob, -1.1, -0.64, -0.75, -0.84, -0.24, 0.07, 11 100000000 000
socialist, 1.13, -0.01, 1.47, 1.75, 0.96, 1.88, 11 000100000 000
soldier, -0.59, 0.17, 1.05, -0.79, 0.95, 1.09, 11 000100000 001
solicitor, 1.06, 1.27, 0.13, 1.19, 1.56, 0.22, 11 001000000 000
son, 1.19, -0.87, 2.39, 0.71, 0.38, 2.04, 10 000000010 000
sovereign, -0.41, 0.59, -1.94, 0.33, 1.79, -0.32, 11 000100000 001
specialist, 1.7, 2.09, -0.02, 1.53, 2.2, -0.38, 11 011011000 000
spokesman, 1.02, 1.27, 1.56, 1.12, 1.36, 0.46, 10 010100000 000
sponsor, 1.36, 0.5, -0.35, 1.13, 0.34, -0.28, 11 001110100 000
spouse, 1.47, -0.93, -1.35, 1.46, 0.61, 1.18, 11 000000011 000
spy, -0.95, 0.57, 1.03, -0.92, 0.47, 0.62, 11 000100000 000
squatter, -0.73, 0.07, 0.76, -1.25, -1.04, 0.95, 11 001000000 000
statesman, 0.55, 1.42, 0.04, 0.5, 1.72, -0.82, 11 000100000 000
straggler, -0.52, -1.47, -0.45, -0.9, -0.4, 0.34, 11 100000000 001
stranger, -0.15, 0.14, 0.52, -0.09, 0.34, -0.02, 11 100000000 000
strangler, -2.31, 0.63, 1.22, -2.67, 0.57, 0.91, 11 001000000 001
strike breaker, -0.46, 0.04, 0.74, 0.08, 1.47, 1.02, 11 010000000 001
striker, 0.1, 1.21, 1.38, -0.51, 1.03, 1.1, 11 010000000 000
student, 0.64, -0.48, 1.75, 1.61, 0.18, 2.56, 11 000010000 000
subversive, -0.38, -0.17, 0.71, -0.1, 1.15, 1.33, 11 000100000 000
suitor, 0.64, -0.13, -0.23, 0.27, 0.03, 1.36, 10 100000001 000
superior, 0.92, 1.84, 0.03, 0.11, 1.92, -0.62, 11 011100100 000
supporter, -0.26, 1.12, 2.49, 1.49, 1.39, 1.81, 11 000100100 000
survivor, 1.01, -0.32, 0.16, 1.2, 0.08, 0.64, 11 100000000 000
suspect, -0.49, -0.83, -0.01, -0.58, -0.59, -0.33, 11 001000000 000
tailor, 0.98, -0.3, -0.26, 1.52, -0.34, -1.31, 11 010000000 000
target, -0.04, 0.23, -0.6, -0.46, 0.02, 0.64, 11 000100000 000
taxi driver, 1.6, 0.12, 0.97, 0.94, 0.18, 0.65, 11 010000000 000
teacher, 1.68, 0.9, 0.73, 1.58, 1.53, 0.47, 11 000010000 000
teenager, 1.69, 0.4, 2.24, 1.08, -0.38, 2.67, 11 100000000 000
terrorist, -0.91, 0.22, 2.05, -1.73, 1.04, 1.53, 11 001100000 000
theologian, 1.28, -0.12, -0.61, 2.18, 1.02, -0.84, 11 000000100 000
torturer, -2.5, 0.54, 1.27, -2.81, 0.63, 0.66, 11 000100000 001
totalitarian, 0.0, 0.0, 0.0, 2.39, 0.59, -1.16, 11 000100000 000
tout, -1.54, -1.14, -0.1, -2.48, -0.6, 0.9, 11 100000000 000
trade unionist, 0.15, 1.62, 0.34, 0.28, 1.55, 0.48, 11 010000000 000
traitor, -1.94, 0.07, 0.04, -2.02, -0.86, 0.73, 11 100100000 000
trespasser, -0.22, -0.8, -0.31, -1.38, -0.41, 0.06, 11 011000000 000
turncoat, -0.93, -0.39, -0.23, -1.59, -0.85, -0.43, 11 100100000 000
twit, -0.12, -1.17, 1.61, 0.39, -1.37, 0.61, 11 100000000 000
tyrant, -1.89, 1.77, 1.04, -1.35, 1.3, 0.79, 11 000100000 000
UDA member, -2.31, -1.14, 0.79, -2.56, 1.0, 1.38, 11 000100000 000
UDR man, -0.85, -0.14, 0.1, -1.46, 0.18, 0.35, 10 000100000 000
uncle, 1.45, 0.29, -0.5, 2.49, 0.96, -0.39, 10 000000010 000
underdog, 0.5, -1.29, 0.46, 0.47, -1.01, -0.45, 11 100100000 000
undertaker, 0.07, -0.41, -1.81, -0.38, -0.44, -2.04, 11 010000000 000
urchin, 2.38, -1.17, 0.38, 0.89, -0.52, 0.66, 11 100000010 000
UVF member, -3.06, -1.56, -0.3, -2.69, 0.19, 0.64, 11 000100000 000
vagrant, -0.09, -1.04, -0.68, -0.33, -1.34, -0.93, 11 110000000 000
vandal, -1.58, 0.19, 2.25, -1.83, -0.54, 2.4, 11 001000000 000
victualler, 1.36, -0.28, 1.1, 0.14, 0.54, 0.09, 11 010000000 000
vigilante, 0.32, 1.67, 1.04, 0.56, 0.49, 0.76, 11 001000000 001
villain, -1.29, 0.15, 2.07, -2.14, 0.35, 0.96, 11 001000000 000
virgin, 2.03, 0.22, -0.1, 2.68, 0.34, -0.15, 01 000000001 000
waif, 0.0, -1.17, -0.9, 0.53, -1.03, 0.04, 11 100000000 000
wanderer, 1.28, 0.9, 0.46, 0.45, -0.83, -0.41, 11 100000000 000
warden, -0.29, -0.21, -0.59, -0.45, 0.74, -0.52, 11 001000000 000
warder, -0.5, 0.55, 0.67, -0.47, 0.98, -0.21, 10 001000000 000
wardress, 0.1, -0.39, -1.35, -0.45, -0.22, -0.59, 01 001000000 000
warrior, -0.75, 2.02, 2.41, 0.6, 2.4, 1.73, 11 000100000 001
watchman, 0.52, 0.48, -0.94, 0.93, 0.38, -1.45, 10 011000000 000
wayfarer, -0.3, 0.18, -0.04, 0.7, -1.44, -0.07, 11 100000000 000
widow, 1.4, -0.8, -0.56, 1.18, -0.86, -0.83, 01 000000010 000
widower, 0.89, -1.03, -0.96, 0.67, -0.81, -1.0, 10 000000010 000
wife, 1.99, -0.58, 1.07, 2.05, 1.23, 1.22, 01 000000011 001
winner, 1.47, 2.93, 2.76, 1.54, 2.69, 2.1, 11 100100000 000
wit, -0.62, -0.77, 0.99, 0.93, 0.0, 1.21, 11 100000000 000
witch, -1.28, 1.1, -1.19, -1.85, 1.44, -0.51, 01 100000000 000
witness, 0.51, 0.99, 0.83, 0.6, 0.83, -0.72, 11 001000000 000
woman, 1.41, -0.34, 0.03, 1.68, -0.38, -0.43, 01 100000001 000
writer, 1.23, 0.92, 0.5, 1.33, 1.16, 0.13, 11 110010000 100
wrongdoer, -1.33, -0.21, 1.15, -1.76, -0.33, 0.04, 11 100000000 000

