adopt, 2.86, 1.81, 0.97, 3.21, 1.94, 1.54, 10 000000010 010
aggravate, -1.63, 0.35, 0.52, -1.92, 0.55, 0.83, 01 111111111 100
anger, -1.62, 0.17, -0.02, -1.82, 0.82, 0.82, 01 111111111 000
antagonize, -1.45, 0.26, 0.3, -1.59, 0.35, 0.75, 01 111111111 000
apologize to, 1.91, 0.86, 0.44, 2.26, 1.25, 0.46, 10 111111111 000
appeal to, 2.36, 1.14, 1.01, 1.64, 1.32, 0.86, 10 111111111 000
applaud, 2.37, 1.63, 0.97, 2.67, 1.52, 0.93, 10 111111111 010
apprehend, 0.24, 1.24, 1.26, 0.59, 1.99, 0.97, 10 001000000 001
approach, 0.87, 0.78, 0.69, 0.66, 0.37, 0.47, 10 111111111 010
approve of, 1.38, 1.25, 0.48, 1.93, 0.97, 0.27, 01 111111111 100
argue with, -0.69, 0.58, 0.61, -1.57, 0.4, 0.85, 10 111111111 000
arouse, 1.68, 1.94, 1.62, 1.78, 1.61, 1.55, 01 000000001 101
arrest, 0.23, 1.01, 0.5, -0.27, 1.98, 0.94, 10 001000000 001
ask about, 0.9, 0.43, 0.23, 1.75, 0.15, 0.42, 01 111111111 010
assault, -2.67, 1.21, 1.22, -2.37, 1.32, 0.86, 10 001000000 001
assist, 1.91, 1.32, 0.65, 2.64, 1.46, 0.53, 10 111111111 000
astonish, 1.43, 1.23, 1.2, 1.03, 1.05, 0.59, 01 111111111 000
astound, 1.18, 0.94, 0.99, 1.3, 1.41, 0.94, 01 111111111 000
attack, -2.71, 0.74, 1.15, -2.25, 0.23, 1.18, 10 001100010 001
avoid, -1.24, -0.62, -0.05, -1.45, -0.86, -0.12, 01 111111110 010
baby, -0.28, 0.13, -0.3, -0.07, -0.3, -0.07, 10 000000010 100
back, 1.66, 1.14, 0.69, 1.92, 1.78, 1.02, 10 010100000 010
badger, -1.51, 0.32, 0.55, -1.66, 0.25, 0.49, 10 111111111 100
beg, -1.01, -1.27, -0.02, -1.06, -1.31, -0.01, 10 111111111 000
belittle, -1.56, -0.15, 0.04, -2.22, 0.21, 0.1, 10 111111111 100
beseech, -0.62, 0.49, 0.47, 0.14, 0.47, 0.03, 10 111111111 000
bind, -1.0, 0.94, 0.76, -1.43, 0.46, 0.17, 10 001000001 001
blame, -1.56, 0.0, 0.19, -1.35, 0.19, -0.04, 10 111111111 010
bless, 2.55, 2.11, 0.27, 2.39, 1.07, 0.07, 10 000000100 000
boss, -0.75, 1.06, 0.02, -0.9, 0.98, 0.06, 10 110101011 000
bribe, -1.81, 0.37, 0.32, -1.18, 0.81, 0.42, 10 011100000 110
bury, -1.63, 0.41, -0.55, -0.53, -0.44, -1.12, 10 000100100 000
cajole, -0.03, 0.33, 0.82, 0.86, 0.45, 0.49, 10 111111111 000
call, 1.47, 0.87, 0.8, 1.78, 0.87, 0.9, 10 111111111 010
caress, 2.67, 1.51, 0.76, 2.23, 1.35, 0.75, 10 000000011 001
caution, 1.57, 0.97, 0.2, 1.47, 0.89, 0.53, 10 111111111 100
challenge, 1.19, 1.57, 1.29, 0.79, 1.21, 1.21, 10 111111111 100
charm, 2.31, 1.51, 1.23, 1.65, 1.49, 0.75, 01 111111111 000
chatter to, 0.4, 0.3, 0.82, 0.9, 0.11, 0.87, 10 111111111 100
cheer for, 2.53, 1.48, 1.63, 2.24, 1.16, 1.09, 10 111111111 110
coach, 1.81, 1.68, 0.62, 2.3, 1.66, 1.07, 10 011111111 010
coach, 2.47, 2.21, 1.35, 2.46, 2.09, 1.5, 10 011111111 010
coax, -0.96, 0.75, 0.91, 0.17, 0.46, -0.01, 01 111111111 100
coddle, -0.02, 0.16, 0.46, 0.16, -0.08, 0.02, 11 000001011 100
combat, -0.51, 1.03, 0.91, -0.5, 0.95, 0.9, 10 001100000 000
command, 0.2, 1.72, 0.23, -0.67, 1.27, 0.28, 10 011111111 000
commend, 1.95, 0.94, 0.35, 2.51, 1.73, 0.98, 10 011111111 010
compliment, 2.4, 1.6, 0.74, 2.66, 1.58, 0.79, 10 111111111 000
confine, -1.03, 0.89, -0.03, -0.69, 0.95, 0.1, 10 001101010 001
confront, 0.54, 1.28, 0.84, 0.92, 1.37, 0.99, 10 111111111 100
congratulate, 2.68, 1.82, 1.03, 2.15, 1.45, 0.71, 10 111111111 100
console, 2.44, 1.43, 0.34, 2.39, 1.47, -0.12, 10 111111111 100
consult, 1.2, 0.61, -0.12, 1.6, 0.26, 0.18, 10 111111111 000
contradict, -0.28, 1.06, 0.72, -0.41, 0.57, 0.46, 10 111111111 110
convict, 0.44, 2.01, 0.18, -0.23, 1.05, 0.14, 10 001000000 010
correct, 0.83, 1.32, 0.39, 0.69, 1.02, -0.11, 10 111111111 100
counsel, 2.03, 1.69, 0.28, 2.67, 1.81, 0.68, 10 011111111 000
court, 1.64, 0.94, 1.23, 2.24, 0.97, 0.94, 01 100000001 010
criticize, -0.85, 0.96, 0.33, -1.05, 0.14, 0.2, 10 111111111 100
cross-examine, 0.0, 0.85, 0.44, -0.25, 1.43, 0.67, 10 001000000 010
curse, -1.96, -0.03, -0.13, -2.3, 0.26, 0.52, 10 111111111 100
cuss, -1.68, 0.17, 0.62, -2.13, -0.49, 0.87, 10 111111111 100
damn, -2.12, 0.12, -0.11, -1.93, 0.35, 0.02, 10 100000100 000
dance with, 2.18, 1.34, 1.83, 2.4, 1.18, 1.62, 10 100000001 011
debate with, 1.23, 1.55, 1.16, 0.65, 1.12, 1.0, 10 111111110 000
defend, 2.49, 2.12, 1.04, 2.28, 1.95, 0.81, 10 111111111 110
defile, -1.46, 0.54, 0.1, -1.25, 0.52, 0.06, 10 000000001 111
deflate, -1.15, 0.02, -0.02, -1.38, 0.43, -0.52, 01 111111111 000
defy, -1.43, 1.34, 1.0, -1.1, 0.46, 0.67, 10 011111110 000
delay, -1.2, -0.18, -0.53, -1.0, -0.18, -0.4, 01 011111110 000
delight, 1.71, 1.07, 0.84, 2.42, 1.57, 1.16, 01 111111111 100
desire sexually, 1.75, 0.95, 1.38, 1.07, 0.84, 2.03, 11 000000001 011
deter, -0.52, 0.14, 0.45, -0.16, 0.74, 0.54, 01 011111111 000
disagree with, -0.01, 0.39, 0.38, -0.33, 0.02, 0.26, 10 111111111 000
discipline, 0.53, 1.78, 0.55, 0.42, 1.15, -0.27, 10 011111111 100
disconcert, -1.4, 0.2, -0.03, -0.8, 0.2, 0.26, 01 111111111 000
discourage, -1.39, -0.3, -0.14, -1.09, 0.0, -0.19, 10 111111111 100
disenchant, -0.4, 0.38, -0.62, -0.91, -0.13, -0.24, 01 111111111 100
disillusion, -1.44, 0.46, 0.19, -1.21, 0.93, 0.46, 01 111111111 000
disobey, -1.11, -0.25, 0.3, -1.62, 0.33, 0.53, 10 011111111 000
displease, -2.05, -0.12, -0.13, -1.46, -0.57, 0.23, 01 111111111 100
disturb, -1.56, -0.18, 0.22, -1.45, 0.06, 0.57, 01 111111111 010
doubt, -0.98, 0.07, -0.24, -1.03, -0.22, -0.02, 01 111111111 100
educate, 2.9, 2.42, 0.25, 2.82, 2.35, 0.85, 10 011111111 100
elude, -0.37, 0.61, 0.42, -0.21, 0.86, 0.6, 01 111111111 010
embarrass, -1.18, -0.07, 0.47, -2.18, -0.42, 0.08, 01 111111111 010
embrace, 2.66, 1.95, 0.81, 2.5, 1.75, 0.25, 10 100000011 001
emulate, 1.0, 0.23, 0.08, 0.29, 0.87, 0.2, 01 111111111 010
encourage, 1.88, 1.53, 0.77, 2.26, 1.73, 1.26, 10 111111111 100
endanger, -2.0, 0.01, 0.12, -3.07, 1.03, 0.55, 01 101001000 100
enrage, -1.43, 0.53, 0.51, -1.72, 1.24, 0.59, 01 111111111 100
entertain, 2.48, 1.36, 1.56, 1.88, 1.51, 1.36, 01 110110011 100
escape, 0.99, 0.87, 0.77, 0.65, 0.97, 0.8, 10 101100001 000
evaluate, 0.42, 0.78, -0.04, 0.63, 1.1, 0.46, 01 111111111 100
exalt, 1.06, 1.32, 0.15, 1.33, 1.24, 0.79, 10 110110101 100
exclude, -1.96, 0.29, 0.16, -1.92, -0.05, 0.08, 10 100100001 010
execute, -1.8, 1.5, 0.23, -2.18, 0.25, -0.32, 10 001000000 001
explain something to, 1.64, 1.97, 0.48, 1.93, 1.37, 0.52, 10 111111111 000
extol, 0.37, 0.97, 0.36, -0.14, -0.03, -0.16, 10 111111111 010
eye, 0.53, 0.46, 1.23, 0.16, 0.65, 0.76, 10 100001011 000
face, 0.73, 0.86, 0.63, 0.64, 1.28, 0.91, 10 111010011 000
feed, 2.5, 1.66, 0.33, 1.93, 1.58, 0.57, 10 100001010 101
fine, -0.73, 0.66, -0.28, -0.69, 0.45, 0.23, 10 001000010 000
fire (an employee), -1.13, 1.37, -0.07, -1.06, 0.89, -0.08, 10 010000000 000
flatter, 1.58, 1.35, 1.18, 2.16, 1.54, 0.97, 10 111111111 000
flee from, -0.46, -1.1, 0.73, -0.76, -0.4, 1.05, 10 101100011 000
flunk, -2.54, -1.53, 0.18, -2.86, -0.77, 0.02, 10 000010000 000
foil, -0.02, 0.52, 0.09, -0.49, 0.84, 0.33, 01 001100000 010
follow, -0.53, -0.64, -0.15, -0.35, -0.27, 0.43, 10 101000011 000
fondle, 0.15, 0.37, 1.23, -0.6, 0.51, 0.9, 10 000000011 101
forget, -2.13, -0.63, -1.13, -1.82, -0.5, -0.73, 01 100011011 010
forgive, 1.96, 1.27, 0.63, 3.03, 2.33, 0.8, 01 100000111 100
forsake, -1.24, 0.09, 0.05, -1.07, 0.59, 0.12, 01 100100110 000
frighten, -0.87, 1.01, 0.99, -1.0, 0.76, 0.69, 01 101000111 100
frisk, -0.73, 0.54, 0.6, -0.59, 1.17, 1.07, 10 001000000 001
frustrate, -1.72, 0.43, 0.18, -1.51, -0.05, 0.33, 01 101100011 100
gape at, -0.47, -0.3, 0.57, -0.86, -0.34, 0.43, 10 100000011 000
give a raise to, 1.79, 1.33, 0.69, 2.43, 1.84, 1.21, 10 010000000 000
glorify, 1.29, 0.93, 0.79, 2.51, 1.76, 0.96, 10 000100100 010
goad, -0.51, 0.27, 0.07, -0.25, -0.12, 0.01, 01 100100011 000
grab, -0.55, 0.7, 0.85, -0.59, 0.9, 0.66, 10 101001011 001
halt, -0.06, 0.3, -0.1, -0.2, -0.06, -0.01, 10 001000001 110
handcuff, -0.87, 1.6, 0.62, -0.72, 1.89, 0.76, 10 001000000 001
harangue, -0.63, -0.11, 0.41, -0.75, 0.14, 0.08, 10 111111111 000
harm, -2.43, 0.85, 0.76, -2.34, 0.09, 0.13, 10 101101011 100
hassle, -1.29, -0.19, -0.07, -1.58, 0.49, 0.17, 10 101100011 000
heal, 2.76, 1.71, 0.72, 3.0, 2.45, 0.71, 10 000001110 100
help, 2.43, 1.91, 0.37, 2.96, 2.27, 0.86, 10 111111111 100
hide from, -0.76, -0.52, 0.04, -0.74, -1.14, 0.32, 01 101100000 010
hire, 1.42, 1.42, 0.47, 1.77, 1.67, 0.66, 10 010000000 000
hit, -2.04, 0.47, 0.66, -2.98, 0.62, 0.96, 10 101000011 101
horrify, -1.9, 0.59, 0.43, -1.89, 0.98, 0.89, 01 100100011 100
humiliate, -2.63, -0.17, 0.8, -2.89, 0.17, 0.5, 01 111111111 000
hurry, -0.01, 0.19, 1.36, -0.65, -0.1, 1.73, 10 110011011 100
hush, -0.42, 0.84, -0.53, -0.5, 0.47, -0.03, 10 111111111 010
ignore, -1.13, 0.73, 0.09, -1.29, 0.36, -0.24, 11 100100011 010
imitate, -0.22, 0.1, 1.06, -0.63, 0.17, 0.48, 10 110000011 000
impede, -1.16, 0.21, 0.29, -0.33, 0.11, 0.23, 10 011000010 000
incarcerate, -0.62, 1.23, 0.28, -1.14, 1.33, 0.47, 10 001000000 010
indoctrinate, -0.51, 0.98, -0.73, 0.12, 0.91, 0.24, 10 000100111 000
indulge, 0.5, 0.83, 0.85, 1.44, 1.33, 0.36, 01 100000011 100
influence, 1.08, 1.4, 0.71, 0.81, 1.59, 0.61, 01 111111111 000
inform, 2.05, 1.69, 0.7, 1.51, 1.35, 0.07, 10 111111111 100
initiate, 0.24, 0.54, 0.4, 0.62, 0.93, 1.12, 10 100010101 000
injure, -1.86, 0.45, 0.67, -2.38, 0.12, 0.15, 10 101001011 101
instruct, 1.97, 1.8, 0.18, 1.89, 1.75, 0.52, 10 011111111 000
insult, -2.39, -0.03, 0.29, -2.41, 0.17, 0.28, 10 111111111 000
interest, 1.94, 1.28, 0.79, 2.2, 1.52, 1.32, 01 110110111 100
interrogate, -0.31, 1.93, 0.36, -0.9, 1.36, 0.58, 10 001000000 000
interrupt, -1.51, 0.33, 0.9, -1.36, 0.15, 0.52, 10 111111111 100
interview, 1.02, 1.25, 0.36, 1.34, 1.3, 0.62, 10 011011000 000
intimidate, -1.9, 1.16, 0.57, -1.34, 0.66, 0.36, 01 101100011 000
irritate, -1.36, 0.33, 0.57, -1.91, -0.17, 0.66, 01 111111111 100
jeer, -1.01, -0.08, 0.25, -0.96, 0.42, 0.55, 10 100100001 000
jest, 0.36, 0.3, 0.78, -0.06, 0.37, 0.41, 10 111111111 000
jostle, -0.15, 0.24, 0.39, -0.58, 0.38, 0.57, 10 101000011 000
judge, -1.54, 0.04, -0.19, -1.27, -0.15, 0.13, 01 111111111 100
kick, -2.06, 0.0, 0.21, -2.65, 0.75, 0.52, 10 001000000 001
kid, 0.44, -0.09, 0.32, 0.25, 0.27, 0.78, 10 100100011 000
kiss, 2.8, 2.02, 1.38, 2.87, 1.73, 1.38, 10 000000011 001
laugh at, -0.56, 0.26, 0.66, -0.93, -0.21, 0.33, 10 111111111 100
laugh with, 2.7, 1.33, 1.6, 2.7, 1.27, 1.74, 10 111111111 000
lead, 1.73, 2.1, 1.0, 1.72, 1.63, 0.76, 10 100100011 000
leave, -1.74, -0.09, 0.38, -0.92, 0.36, -0.03, 10 111111111 010
listen to, 1.91, 1.09, 0.29, 2.52, 1.5, 0.16, 10 111111111 000
look at, 0.89, 0.62, 0.98, 0.98, 0.52, 0.51, 10 111111111 100
lure, -0.67, 0.84, 0.27, -1.12, 1.08, 0.96, 01 111100001 000
make love to, 3.39, 2.67, 2.23, 2.23, 2.31, 1.3, 10 000000001 001
marry, 2.59, 1.81, 1.72, 2.92, 1.8, 1.74, 10 000000001 010
massage, 2.56, 1.73, 1.06, 2.35, 1.27, 0.43, 10 110001011 101
medicate, 1.46, 1.23, 0.1, 1.43, 1.69, 0.57, 10 000001000 100
mimic, -0.6, 0.22, 0.62, -0.67, -0.03, 0.33, 10 110010010 010
miss, 0.29, 0.18, -0.14, -0.5, -0.65, 0.2, 01 100000010 010
molest, -3.27, -0.06, -0.41, -3.62, 0.33, -0.41, 10 000000001 001
mother, 1.89, 1.38, -0.04, 1.89, 1.41, 0.9, 10 000001010 001
nag, -1.53, -0.32, -0.3, -1.17, -0.25, -0.22, 10 100000011 000
need, 0.61, -0.44, 0.24, 1.0, -0.22, 0.16, 01 100000011 010
needle, -1.46, 0.3, -0.1, -1.15, 0.05, 0.28, 10 111111111 000
negotiate with, 1.8, 1.38, 0.31, 1.64, 0.85, 0.67, 10 011100000 000
nestle, 1.59, 0.47, -0.1, 1.1, 0.33, 0.16, 10 000000011 001
nudge, 0.51, 0.23, 0.16, 0.14, 0.28, 0.49, 10 111111111 001
obey, 0.87, -0.12, 0.35, 1.05, -0.18, 0.04, 10 111111111 000
oppose, 0.13, 0.75, 0.53, -0.05, 0.64, 0.7, 10 111111111 010
outdo, 1.15, 1.51, 1.56, 0.32, 1.41, 1.51, 01 110110010 010
overlook, -1.46, 0.08, -0.34, -0.9, 0.38, 0.14, 01 011111110 010
overrate, -0.72, -0.28, 0.1, -0.66, 0.21, -0.07, 01 111110000 000
overwhelm, 0.53, 1.22, 1.05, -0.22, 1.17, 0.8, 10 101101011 001
overwork, -2.2, 0.92, 0.08, -1.7, 0.56, 0.05, 01 010110010 100
pacify, 0.61, 0.58, -0.05, 0.59, 0.34, -0.38, 01 111111111 000
pamper, 0.24, 0.17, -0.1, 1.75, 0.89, 0.19, 10 110001011 100
parody, -0.33, 0.57, 0.35, 0.0, 0.52, 0.24, 10 111111111 010
pass, 1.36, 1.32, 1.1, 1.47, 0.93, 1.08, 10 100000000 010
pay for something, 1.18, 1.25, 0.47, 1.54, 1.14, 0.31, 10 010000000 000
pay for something, 1.37, 0.94, 0.04, 1.19, 0.83, 0.46, 10 010000000 000
penalize, -0.5, 1.39, -0.04, -0.58, 0.69, 0.21, 10 010110010 000
pester, -1.84, 0.2, 0.26, -1.33, 0.43, 0.37, 10 110000011 010
play with, 2.25, 0.8, 1.49, 2.08, 0.75, 1.75, 10 100000011 100
please, 2.54, 1.4, 0.42, 2.39, 1.46, 1.0, 01 111111111 100
pray for, 3.08, 1.55, 0.58, 3.23, 2.51, 0.22, 01 000000100 100
prosecute, 0.12, 1.14, 0.26, -0.3, 1.57, 0.4, 10 001000000 010
provoke, -1.07, 1.03, 1.0, -0.98, 0.25, 0.14, 01 111111111 000
punch, -1.6, 1.43, 1.7, -1.78, 0.86, 1.05, 10 101000000 001
push, -1.16, 0.04, 0.32, -1.83, 0.61, 0.65, 10 101000010 001
put to bed, 1.81, 1.23, -0.15, 1.68, 0.66, -0.29, 10 000001010 001
quarrel with, -1.17, 0.16, 0.58, -1.53, 0.08, 0.75, 10 111111111 000
question, 0.81, 1.47, 0.51, -0.13, 0.51, 0.18, 10 111111111 000
quiz, 0.34, 0.48, 0.2, 0.79, 0.38, 0.48, 10 111111111 000
rankle, -0.31, -0.08, -0.04, -0.02, 0.38, -0.03, 01 111111111 000
rape, -3.95, 0.26, 1.18, -3.8, 0.52, 1.27, 10 100000001 001
rebel against, 0.46, 1.14, 1.58, -0.35, 0.87, 1.32, 01 000100010 000
rebuff, -0.09, 0.71, 0.58, -0.27, 0.6, 0.19, 10 100100101 010
rebuke, -0.19, 1.11, 0.07, -0.43, 0.51, 0.12, 10 111111111 000
refuse, -0.5, 0.66, 0.33, -0.1, 0.84, 0.05, 10 111111111 000
rehabilitate, 2.62, 1.71, 0.5, 2.03, 1.6, 0.37, 01 001001000 000
remember, 1.6, 0.64, 0.28, 1.59, 1.17, 0.5, 01 100100000 010
remind, 1.09, 0.5, 0.41, 1.41, 0.86, 0.5, 10 111111111 100
reprimand, -0.58, 0.66, -0.15, -0.21, 0.89, 0.31, 10 111111111 000
reproach, 0.14, 0.5, 0.61, -0.63, 0.04, 0.13, 10 111111111 100
rescue, 3.24, 2.66, 1.54, 2.77, 2.1, 1.48, 10 101101010 010
restrain, -0.63, 1.4, 0.43, -0.56, 0.74, 0.72, 10 001001011 101
revere, 1.03, 0.42, 0.62, 1.07, 0.45, 0.6, 01 111111111 000
rib, 0.04, 0.36, 0.77, -0.9, 0.84, 0.35, 10 110110011 000
ride, -0.85, 0.27, 0.49, -0.71, 0.72, 0.8, 10 111111111 000
ridicule, -1.67, -0.23, -0.01, -2.36, 0.08, 0.54, 10 111111111 000
rob, -3.16, 0.29, 0.94, -2.93, -0.07, 0.57, 10 111000000 000
rouse, 0.38, 0.64, 0.56, 0.21, 0.93, 0.97, 10 100101011 100
runaway from, -0.94, -0.66, 0.65, -0.72, -0.77, 0.42, 10 101000011 000
satisfy, 2.54, 1.74, 1.33, 2.34, 1.53, 0.81, 01 111111111 100
scare, -0.9, 0.38, 0.6, -1.13, 0.87, 0.76, 01 111111111 100
scold, -1.04, 1.11, 0.03, -0.94, 0.82, 0.03, 10 111111111 000
scrutinize, -0.81, -0.07, -0.1, -0.89, 0.38, -0.03, 10 111111111 100
seduce, 0.14, 1.41, 1.54, -0.01, 1.32, 1.3, 01 000000001 000
seize, -1.02, 1.05, 0.71, -1.58, 0.89, 0.73, 10 001000000 011
sell something, 0.77, 0.91, 0.33, 0.98, 0.88, 0.8, 10 010000000 000
serenade, 2.51, 1.0, 1.08, 2.16, 1.21, 1.04, 10 000000011 000
serve, 0.85, 0.44, 0.37, 2.33, 0.71, 0.39, 10 110100010 100
shackle, -1.32, 0.25, -0.02, -1.19, 0.83, 0.78, 10 001000000 001
shoot, -2.75, 1.15, 0.89, -3.07, -0.14, 0.32, 10 001000000 101
shun, -1.31, 0.03, -0.28, -2.09, 0.19, 0.33, 01 100100111 010
silence, -0.89, 0.73, -0.43, -0.86, 1.18, -0.3, 10 111111111 000
sing to, 1.8, 1.22, 1.3, 2.27, 1.27, 0.81, 10 000000001 100
sit next to, 0.94, 0.32, 0.18, 1.04, 0.46, 0.58, 10 111111111 000
sleep with, 1.15, 0.86, 1.72, 1.07, 0.88, 1.5, 10 000000001 001
smile at, 2.53, 1.52, 0.94, 2.39, 1.78, 0.89, 10 111111111 000
snub, -1.95, 0.28, 0.21, -1.7, -0.35, 0.12, 01 100100000 010
snuggle, 2.64, 1.33, 0.4, 3.02, 1.63, 0.59, 10 000000011 001
soothe, 1.81, 1.24, 0.13, 2.46, 1.88, 0.38, 10 111111111 100
spook, -0.57, 0.51, 0.92, -0.66, 0.72, 0.96, 01 111001100 000
stroke, 1.44, 0.53, 0.49, 1.29, 0.61, 0.52, 10 000001011 101
study, 1.96, 1.43, -0.09, 2.03, 1.89, 0.87, 01 111111111 000
subdue, -0.59, 0.97, 0.3, -1.21, 0.34, -0.27, 10 001101010 001
submit to, -0.4, -1.25, -0.48, -0.08, -0.74, -0.03, 10 001101011 000
subordinate, -1.01, 0.5, 0.07, -0.67, 0.84, 0.12, 11 010100100 000
supervise, 0.86, 2.2, 0.16, 1.18, 1.39, 0.63, 10 111111110 010
support, 2.3, 1.43, 0.64, 2.52, 1.92, 0.67, 10 110101010 010
surprise, 1.39, 1.58, 1.3, 1.78, 1.32, 1.13, 10 111111111 000
swindle, -1.86, 0.31, 0.42, -2.34, 0.63, 1.17, 01 010000000 000
talk to, 2.0, 1.36, 0.47, 2.13, 0.96, 0.62, 10 111111111 100
teach, 2.39, 2.18, 0.25, 2.79, 2.53, 0.77, 10 111111111 100
tempt, -0.68, 1.04, 0.85, -0.87, 0.91, 1.05, 01 111111111 100
terrorize, -2.87, 0.66, 0.18, -2.55, 1.07, 0.07, 01 001100000 100
test, 0.22, 0.88, 0.13, -0.11, 0.64, 0.31, 10 000011100 100
thank, 2.05, 1.5, 0.59, 2.47, 1.91, 0.94, 10 111111111 000
threaten, -1.85, 1.07, 0.66, -2.39, 0.51, 0.59, 10 111111111 000
tickle, 1.7, 1.37, 1.83, 1.01, 0.54, 0.94, 10 000000011 001
tip, 2.33, 1.36, 0.64, 2.53, 1.21, 0.7, 10 010000000 000
torture, -3.12, 0.46, -0.18, -2.79, 0.85, 0.12, 10 001000000 101
trap, -2.01, 0.31, 0.2, -1.68, 0.44, 0.48, 01 011100000 000
treat, 2.16, 1.43, 0.7, 2.15, 1.16, 0.82, 10 100000011 100
undress, 1.23, 0.71, 1.2, 0.95, 0.64, 0.53, 10 000001011 101
unnerve, -1.06, 0.59, -0.04, -0.36, 0.99, 0.74, 01 111111111 000
uplift, 2.29, 2.04, 0.7, 2.8, 1.76, 0.66, 01 111111111 000
upstage, -0.31, 1.01, 0.41, -0.9, 0.82, 0.88, 01 111111111 010
urge, 1.05, 1.03, 0.95, 1.0, 1.12, 0.86, 10 111111111 000
vex, -1.33, 0.37, 0.76, -0.66, 0.67, 0.53, 01 111111111 000
waken, -0.19, 0.27, 0.15, -0.08, 0.26, 0.09, 10 100001010 001
watch, 0.29, 0.05, 0.21, 0.05, 0.65, -0.06, 10 111111111 000
whip, -1.37, 1.08, 0.35, -1.96, 0.97, 0.21, 10 001000011 001

